1.000000 0.000000 0.000000 0.000000 0.000000 1.000000 0.000000 0.000000 0.000000 0.000000 1.000000 0.000000 0.000000 0.000000 0.000000 1.000000 
0.999998 -0.000337 0.001734 0.000000 0.000337 1.000000 0.000374 0.000000 -0.001734 -0.000374 0.999998 0.000000 0.000085 0.000107 -0.000182 1.000000 
0.999988 -0.000491 0.004942 0.000000 0.000487 1.000000 0.000839 0.000000 -0.004943 -0.000837 0.999987 0.000000 0.000417 0.000139 -0.000273 1.000000 
0.999981 -0.000718 0.006154 0.000000 0.000713 0.999999 0.000800 0.000000 -0.006155 -0.000795 0.999981 0.000000 0.000603 0.000161 -0.000322 1.000000 
0.999972 -0.000775 0.007488 0.000000 0.000768 0.999999 0.000925 0.000000 -0.007489 -0.000919 0.999972 0.000000 0.000680 0.000182 -0.000359 1.000000 
0.999959 -0.000848 0.009003 0.000000 0.000840 0.999999 0.000900 0.000000 -0.009004 -0.000892 0.999959 0.000000 0.000862 0.000167 -0.000385 1.000000 
0.999948 -0.001001 0.010102 0.000000 0.000991 0.999999 0.000934 0.000000 -0.010103 -0.000924 0.999949 0.000000 0.000947 0.000283 -0.000424 1.000000 
0.999937 -0.001199 0.011186 0.000000 0.001188 0.999999 0.000974 0.000000 -0.011187 -0.000960 0.999937 0.000000 0.001043 0.000292 -0.000423 1.000000 
0.999925 -0.001318 0.012208 0.000000 0.001307 0.999999 0.000968 0.000000 -0.012209 -0.000952 0.999925 0.000000 0.001194 0.000322 -0.000424 1.000000 
0.999918 -0.001406 0.012756 0.000000 0.001393 0.999999 0.001020 0.000000 -0.012757 -0.001002 0.999918 0.000000 0.001106 0.000342 -0.000454 1.000000 
0.999907 -0.001808 0.013522 0.000000 0.001792 0.999998 0.001230 0.000000 -0.013524 -0.001205 0.999908 0.000000 0.001273 0.000409 -0.000470 1.000000 
0.999899 -0.002131 0.014069 0.000000 0.002113 0.999997 0.001272 0.000000 -0.014072 -0.001242 0.999900 0.000000 0.001439 0.000450 -0.000467 1.000000 
0.999893 -0.002070 0.014505 0.000000 0.002050 0.999997 0.001401 0.000000 -0.014508 -0.001371 0.999894 0.000000 0.001453 0.000414 -0.000481 1.000000 
0.999878 -0.002077 0.015481 0.000000 0.002052 0.999996 0.001672 0.000000 -0.015484 -0.001640 0.999879 0.000000 0.001613 0.000432 -0.000510 1.000000 
0.999865 -0.002136 0.016298 0.000000 0.002111 0.999997 0.001553 0.000000 -0.016301 -0.001518 0.999866 0.000000 0.001784 0.000369 -0.000520 1.000000 
0.999855 -0.002069 0.016918 0.000000 0.002044 0.999997 0.001517 0.000000 -0.016921 -0.001483 0.999856 0.000000 0.001759 0.000282 -0.000578 1.000000 
0.999833 -0.002235 0.018113 0.000000 0.002204 0.999996 0.001737 0.000000 -0.018117 -0.001697 0.999834 0.000000 0.001963 0.000317 -0.000604 1.000000 
0.999806 -0.002277 0.019568 0.000000 0.002244 0.999996 0.001719 0.000000 -0.019572 -0.001675 0.999807 0.000000 0.002196 0.000258 -0.000645 1.000000 
0.999777 -0.002326 0.020966 0.000000 0.002289 0.999996 0.001818 0.000000 -0.020970 -0.001770 0.999779 0.000000 0.002382 0.000295 -0.000664 1.000000 
0.999746 -0.002412 0.022421 0.000000 0.002379 0.999996 0.001487 0.000000 -0.022425 -0.001433 0.999748 0.000000 0.002694 0.000206 -0.000709 1.000000 
0.999697 -0.002285 0.024515 0.000000 0.002250 0.999996 0.001444 0.000000 -0.024518 -0.001388 0.999698 0.000000 0.003049 0.000230 -0.000758 1.000000 
0.999646 -0.002174 0.026520 0.000000 0.002135 0.999997 0.001476 0.000000 -0.026523 -0.001418 0.999647 0.000000 0.003287 0.000188 -0.000779 1.000000 
0.999585 -0.002400 0.028723 0.000000 0.002360 0.999996 0.001439 0.000000 -0.028726 -0.001370 0.999586 0.000000 0.003682 0.000256 -0.000820 1.000000 
0.999516 -0.002523 0.031017 0.000000 0.002478 0.999996 0.001485 0.000000 -0.031020 -0.001408 0.999518 0.000000 0.004089 0.000230 -0.000853 1.000000 
0.999450 -0.002411 0.033060 0.000000 0.002365 0.999996 0.001436 0.000000 -0.033063 -0.001357 0.999452 0.000000 0.004433 0.000233 -0.000899 1.000000 
0.999378 -0.002746 0.035151 0.000000 0.002696 0.999995 0.001475 0.000000 -0.035155 -0.001380 0.999381 0.000000 0.004764 0.000297 -0.000901 1.000000 
0.999309 -0.003080 0.037047 0.000000 0.003033 0.999995 0.001337 0.000000 -0.037051 -0.001224 0.999313 0.000000 0.005175 0.000272 -0.000970 1.000000 
0.999258 -0.003264 0.038370 0.000000 0.003217 0.999994 0.001302 0.000000 -0.038374 -0.001178 0.999263 0.000000 0.005458 0.000299 -0.001006 1.000000 
0.999217 -0.003511 0.039417 0.000000 0.003464 0.999993 0.001271 0.000000 -0.039421 -0.001134 0.999222 0.000000 0.005664 0.000352 -0.001040 1.000000 
0.999175 -0.003912 0.040425 0.000000 0.003872 0.999992 0.001058 0.000000 -0.040429 -0.000901 0.999182 0.000000 0.005930 0.000298 -0.001103 1.000000 
0.999141 -0.004012 0.041245 0.000000 0.003972 0.999992 0.001064 0.000000 -0.041249 -0.000899 0.999148 0.000000 0.006164 0.000328 -0.001129 1.000000 
0.999094 -0.004393 0.042331 0.000000 0.004359 0.999990 0.000890 0.000000 -0.042334 -0.000705 0.999103 0.000000 0.006521 0.000259 -0.001195 1.000000 
0.999042 -0.004401 0.043541 0.000000 0.004367 0.999990 0.000880 0.000000 -0.043544 -0.000689 0.999051 0.000000 0.006854 0.000281 -0.001222 1.000000 
0.998990 -0.004614 0.044700 0.000000 0.004583 0.999989 0.000790 0.000000 -0.044703 -0.000585 0.999000 0.000000 0.007266 0.000217 -0.001311 1.000000 
0.998937 -0.004437 0.045877 0.000000 0.004396 0.999990 0.000986 0.000000 -0.045881 -0.000783 0.998947 0.000000 0.007556 0.000302 -0.001356 1.000000 
0.998867 -0.004934 0.047335 0.000000 0.004902 0.999988 0.000784 0.000000 -0.047338 -0.000551 0.998879 0.000000 0.008034 0.000260 -0.001419 1.000000 
0.998805 -0.005137 0.048603 0.000000 0.005094 0.999987 0.000991 0.000000 -0.048608 -0.000742 0.998818 0.000000 0.008568 0.000347 -0.001474 1.000000 
0.998746 -0.004985 0.049811 0.000000 0.004951 0.999987 0.000801 0.000000 -0.049814 -0.000554 0.998758 0.000000 0.009044 0.000326 -0.001490 1.000000 
0.998681 -0.004909 0.051107 0.000000 0.004880 0.999988 0.000692 0.000000 -0.051110 -0.000442 0.998693 0.000000 0.009420 0.000346 -0.001538 1.000000 
0.998593 -0.005003 0.052795 0.000000 0.004973 0.999987 0.000690 0.000000 -0.052797 -0.000426 0.998605 0.000000 0.009907 0.000318 -0.001615 1.000000 
0.998495 -0.005371 0.054576 0.000000 0.005347 0.999986 0.000578 0.000000 -0.054578 -0.000285 0.998509 0.000000 0.010493 0.000403 -0.001667 1.000000 
0.998441 -0.005360 0.055563 0.000000 0.005354 0.999986 0.000250 0.000000 -0.055563 0.000048 0.998455 0.000000 0.010870 0.000338 -0.001722 1.000000 
0.998359 -0.005528 0.056993 0.000000 0.005522 0.999985 0.000272 0.000000 -0.056993 0.000043 0.998375 0.000000 0.011385 0.000362 -0.001803 1.000000 
0.998284 -0.005654 0.058289 0.000000 0.005649 0.999984 0.000248 0.000000 -0.058289 0.000081 0.998300 0.000000 0.011887 0.000367 -0.001856 1.000000 
0.998202 -0.005674 0.059664 0.000000 0.005678 0.999984 0.000116 0.000000 -0.059663 0.000223 0.998219 0.000000 0.012443 0.000372 -0.001953 1.000000 
0.998130 -0.006003 0.060826 0.000000 0.006014 0.999982 0.000000 0.000000 -0.060825 0.000365 0.998148 0.000000 0.012944 0.000421 -0.002007 1.000000 
0.998054 -0.005979 0.062070 0.000000 0.005985 0.999982 0.000094 0.000000 -0.062070 0.000278 0.998072 0.000000 0.013490 0.000500 -0.002056 1.000000 
0.997977 -0.006059 0.063279 0.000000 0.006071 0.999982 0.000004 0.000000 -0.063278 0.000380 0.997996 0.000000 0.013933 0.000513 -0.002149 1.000000 
0.997898 -0.006156 0.064518 0.000000 0.006199 0.999981 -0.000468 0.000000 -0.064514 0.000867 0.997916 0.000000 0.014420 0.000401 -0.002212 1.000000 
0.997834 -0.006260 0.065480 0.000000 0.006298 0.999980 -0.000370 0.000000 -0.065476 0.000782 0.997854 0.000000 0.014893 0.000382 -0.002274 1.000000 
0.997765 -0.006435 0.066505 0.000000 0.006452 0.999979 -0.000042 0.000000 -0.066503 0.000471 0.997786 0.000000 0.015348 0.000460 -0.002343 1.000000 
0.997665 -0.006485 0.067995 0.000000 0.006514 0.999979 -0.000208 0.000000 -0.067992 0.000650 0.997686 0.000000 0.015882 0.000452 -0.002416 1.000000 
0.997561 -0.006474 0.069506 0.000000 0.006527 0.999979 -0.000545 0.000000 -0.069501 0.000997 0.997581 0.000000 0.016379 0.000302 -0.002515 1.000000 
0.997452 -0.006734 0.071022 0.000000 0.006795 0.999977 -0.000623 0.000000 -0.071016 0.001104 0.997475 0.000000 0.016851 0.000248 -0.002588 1.000000 
0.997329 -0.006828 0.072718 0.000000 0.006875 0.999976 -0.000403 0.000000 -0.072714 0.000902 0.997352 0.000000 0.017483 0.000319 -0.002671 1.000000 
0.997193 -0.006785 0.074570 0.000000 0.006823 0.999977 -0.000262 0.000000 -0.074566 0.000770 0.997216 0.000000 0.018135 0.000313 -0.002765 1.000000 
0.997049 -0.007101 0.076441 0.000000 0.007132 0.999975 -0.000133 0.000000 -0.076438 0.000678 0.997074 0.000000 0.018873 0.000364 -0.002880 1.000000 
0.996904 -0.006863 0.078333 0.000000 0.006908 0.999976 -0.000302 0.000000 -0.078329 0.000842 0.996927 0.000000 0.019608 0.000406 -0.002971 1.000000 
0.996763 -0.007355 0.080053 0.000000 0.007396 0.999973 -0.000209 0.000000 -0.080049 0.000800 0.996791 0.000000 0.020374 0.000396 -0.003093 1.000000 
0.996661 -0.007608 0.081296 0.000000 0.007651 0.999971 -0.000216 0.000000 -0.081292 0.000838 0.996690 0.000000 0.021192 0.000305 -0.003252 1.000000 
0.996540 -0.007555 0.082772 0.000000 0.007606 0.999971 -0.000289 0.000000 -0.082767 0.000918 0.996569 0.000000 0.021930 0.000229 -0.003366 1.000000 
0.996412 -0.007606 0.084293 0.000000 0.007649 0.999971 -0.000182 0.000000 -0.084289 0.000827 0.996441 0.000000 0.022628 0.000231 -0.003523 1.000000 
0.996275 -0.007407 0.085911 0.000000 0.007456 0.999972 -0.000246 0.000000 -0.085906 0.000885 0.996303 0.000000 0.023421 0.000202 -0.003669 1.000000 
0.996117 -0.007578 0.087716 0.000000 0.007643 0.999971 -0.000404 0.000000 -0.087710 0.001073 0.996145 0.000000 0.024268 0.000160 -0.003748 1.000000 
0.995967 -0.007652 0.089390 0.000000 0.007725 0.999970 -0.000474 0.000000 -0.089384 0.001162 0.995997 0.000000 0.025016 0.000160 -0.003893 1.000000 
0.995797 -0.007822 0.091255 0.000000 0.007892 0.999969 -0.000405 0.000000 -0.091249 0.001124 0.995827 0.000000 0.025883 0.000137 -0.003999 1.000000 
0.995631 -0.008091 0.093025 0.000000 0.008152 0.999967 -0.000280 0.000000 -0.093020 0.001037 0.995664 0.000000 0.026781 0.000204 -0.004185 1.000000 
0.995460 -0.007764 0.094860 0.000000 0.007840 0.999969 -0.000432 0.000000 -0.094854 0.001174 0.995491 0.000000 0.027600 0.000224 -0.004302 1.000000 
0.995232 -0.008008 0.097205 0.000000 0.008091 0.999967 -0.000461 0.000000 -0.097198 0.001245 0.995264 0.000000 0.028542 0.000225 -0.004358 1.000000 
0.994998 -0.008174 0.099558 0.000000 0.008251 0.999966 -0.000366 0.000000 -0.099551 0.001186 0.995032 0.000000 0.029358 0.000368 -0.004437 1.000000 
0.994751 -0.008542 0.101971 0.000000 0.008681 0.999962 -0.000925 0.000000 -0.101959 0.001805 0.994787 0.000000 0.030345 0.000139 -0.004510 1.000000 
0.994521 -0.008321 0.104209 0.000000 0.008456 0.999964 -0.000852 0.000000 -0.104198 0.001728 0.994555 0.000000 0.031154 0.000195 -0.004580 1.000000 
0.994280 -0.008472 0.106466 0.000000 0.008611 0.999963 -0.000841 0.000000 -0.106454 0.001752 0.994316 0.000000 0.032042 0.000159 -0.004605 1.000000 
0.994096 -0.008736 0.108155 0.000000 0.008868 0.999960 -0.000737 0.000000 -0.108145 0.001692 0.994134 0.000000 0.032773 0.000208 -0.004777 1.000000 
0.993897 -0.008784 0.109963 0.000000 0.008923 0.999960 -0.000772 0.000000 -0.109951 0.001748 0.993935 0.000000 0.033555 0.000278 -0.004839 1.000000 
0.993707 -0.009153 0.111639 0.000000 0.009301 0.999956 -0.000810 0.000000 -0.111627 0.001843 0.993748 0.000000 0.034381 0.000167 -0.004911 1.000000 
0.993552 -0.009114 0.113007 0.000000 0.009271 0.999957 -0.000861 0.000000 -0.112994 0.001903 0.993594 0.000000 0.035070 0.000125 -0.005019 1.000000 
0.993379 -0.009237 0.114510 0.000000 0.009378 0.999956 -0.000692 0.000000 -0.114499 0.001761 0.993422 0.000000 0.035846 0.000178 -0.005058 1.000000 
0.993228 -0.009174 0.115817 0.000000 0.009300 0.999957 -0.000555 0.000000 -0.115807 0.001628 0.993270 0.000000 0.036614 0.000238 -0.005113 1.000000 
0.993123 -0.009635 0.116679 0.000000 0.009752 0.999952 -0.000436 0.000000 -0.116670 0.001571 0.993170 0.000000 0.037238 0.000294 -0.005155 1.000000 
0.993053 -0.009727 0.117265 0.000000 0.009844 0.999951 -0.000421 0.000000 -0.117255 0.001572 0.993101 0.000000 0.037868 0.000291 -0.005242 1.000000 
0.992986 -0.009688 0.117832 0.000000 0.009803 0.999952 -0.000392 0.000000 -0.117823 0.001545 0.993033 0.000000 0.038495 0.000268 -0.005348 1.000000 
0.992944 -0.009544 0.118199 0.000000 0.009643 0.999953 -0.000265 0.000000 -0.118191 0.001403 0.992990 0.000000 0.039102 0.000298 -0.005463 1.000000 
0.992839 -0.009473 0.119087 0.000000 0.009570 0.999954 -0.000236 0.000000 -0.119079 0.001374 0.992884 0.000000 0.039707 0.000355 -0.005537 1.000000 
0.992660 -0.009573 0.120561 0.000000 0.009676 0.999953 -0.000271 0.000000 -0.120553 0.001436 0.992706 0.000000 0.040403 0.000378 -0.005596 1.000000 
0.992498 -0.009690 0.121880 0.000000 0.009796 0.999952 -0.000269 0.000000 -0.121871 0.001461 0.992545 0.000000 0.041069 0.000356 -0.005647 1.000000 
0.992277 -0.009854 0.123647 0.000000 0.009983 0.999950 -0.000419 0.000000 -0.123637 0.001651 0.992326 0.000000 0.041862 0.000255 -0.005731 1.000000 
0.992100 -0.010045 0.125046 0.000000 0.010189 0.999948 -0.000513 0.000000 -0.125034 0.001783 0.992151 0.000000 0.042596 0.000286 -0.005768 1.000000 
0.991962 -0.010077 0.126135 0.000000 0.010237 0.999947 -0.000621 0.000000 -0.126122 0.001907 0.992013 0.000000 0.043208 0.000274 -0.005859 1.000000 
0.991790 -0.010101 0.127477 0.000000 0.010270 0.999947 -0.000671 0.000000 -0.127464 0.001974 0.991841 0.000000 0.043901 0.000204 -0.005940 1.000000 
0.991644 -0.010154 0.128605 0.000000 0.010311 0.999947 -0.000558 0.000000 -0.128592 0.001880 0.991696 0.000000 0.044457 0.000368 -0.006030 1.000000 
0.991410 -0.010087 0.130398 0.000000 0.010279 0.999947 -0.000797 0.000000 -0.130383 0.002130 0.991461 0.000000 0.045324 0.000267 -0.006088 1.000000 
0.991204 -0.010672 0.131910 0.000000 0.010888 0.999940 -0.000919 0.000000 -0.131892 0.002347 0.991261 0.000000 0.046135 0.000162 -0.006200 1.000000 
0.991027 -0.010711 0.133229 0.000000 0.010936 0.999940 -0.000953 0.000000 -0.133211 0.002401 0.991085 0.000000 0.046937 0.000116 -0.006326 1.000000 
0.990856 -0.010920 0.134482 0.000000 0.011153 0.999937 -0.000979 0.000000 -0.134463 0.002470 0.990916 0.000000 0.047756 0.000174 -0.006479 1.000000 
0.990691 -0.011139 0.135672 0.000000 0.011361 0.999935 -0.000867 0.000000 -0.135654 0.002400 0.990753 0.000000 0.048583 0.000211 -0.006619 1.000000 
0.990547 -0.011122 0.136725 0.000000 0.011322 0.999936 -0.000688 0.000000 -0.136708 0.002230 0.990609 0.000000 0.049369 0.000366 -0.006749 1.000000 
0.990408 -0.011208 0.137721 0.000000 0.011437 0.999934 -0.000867 0.000000 -0.137702 0.002434 0.990471 0.000000 0.050077 0.000375 -0.006878 1.000000 
0.990294 -0.010860 0.138561 0.000000 0.011108 0.999938 -0.001021 0.000000 -0.138541 0.002550 0.990353 0.000000 0.050729 0.000224 -0.007018 1.000000 
0.990197 -0.011113 0.139236 0.000000 0.011364 0.999935 -0.001005 0.000000 -0.139216 0.002578 0.990259 0.000000 0.051324 0.000288 -0.007144 1.000000 
0.990104 -0.011090 0.139897 0.000000 0.011361 0.999935 -0.001142 0.000000 -0.139875 0.002720 0.990165 0.000000 0.051991 0.000237 -0.007246 1.000000 
0.989978 -0.011139 0.140778 0.000000 0.011437 0.999934 -0.001306 0.000000 -0.140755 0.002903 0.990040 0.000000 0.052665 0.000257 -0.007351 1.000000 
0.989849 -0.011160 0.141686 0.000000 0.011490 0.999933 -0.001513 0.000000 -0.141659 0.003126 0.989910 0.000000 0.053263 0.000264 -0.007429 1.000000 
0.989711 -0.011336 0.142629 0.000000 0.011677 0.999931 -0.001554 0.000000 -0.142602 0.003203 0.989775 0.000000 0.053848 0.000346 -0.007544 1.000000 
0.989551 -0.011547 0.143721 0.000000 0.011947 0.999927 -0.001924 0.000000 -0.143689 0.003621 0.989616 0.000000 0.054535 0.000189 -0.007674 1.000000 
0.989358 -0.011660 0.145033 0.000000 0.012072 0.999925 -0.001958 0.000000 -0.145000 0.003688 0.989425 0.000000 0.055376 0.000140 -0.007787 1.000000 
0.989185 -0.011549 0.146217 0.000000 0.012008 0.999925 -0.002261 0.000000 -0.146179 0.003992 0.989250 0.000000 0.056056 0.000074 -0.007903 1.000000 
0.989006 -0.011766 0.147405 0.000000 0.012240 0.999922 -0.002307 0.000000 -0.147367 0.004086 0.989073 0.000000 0.056807 0.000006 -0.008051 1.000000 
0.988846 -0.011945 0.148459 0.000000 0.012419 0.999920 -0.002270 0.000000 -0.148420 0.004088 0.988916 0.000000 0.057541 0.000104 -0.008160 1.000000 
0.988692 -0.012274 0.149459 0.000000 0.012777 0.999915 -0.002406 0.000000 -0.149416 0.004288 0.988765 0.000000 0.058242 0.000039 -0.008292 1.000000 
0.988554 -0.012683 0.150332 0.000000 0.013253 0.999908 -0.002792 0.000000 -0.150283 0.004753 0.988632 0.000000 0.059115 -0.000123 -0.008457 1.000000 
0.988443 -0.012210 0.151102 0.000000 0.012732 0.999916 -0.002483 0.000000 -0.151059 0.004378 0.988515 0.000000 0.059819 -0.000036 -0.008625 1.000000 
0.988251 -0.012001 0.152368 0.000000 0.012529 0.999918 -0.002506 0.000000 -0.152326 0.004385 0.988321 0.000000 0.060610 -0.000036 -0.008811 1.000000 
0.988049 -0.012390 0.153640 0.000000 0.012925 0.999913 -0.002480 0.000000 -0.153596 0.004436 0.988124 0.000000 0.061400 -0.000131 -0.009015 1.000000 
0.987842 -0.011875 0.155009 0.000000 0.012408 0.999920 -0.002471 0.000000 -0.154968 0.004365 0.987910 0.000000 0.062215 -0.000051 -0.009191 1.000000 
0.987538 -0.011823 0.156937 0.000000 0.012346 0.999921 -0.002359 0.000000 -0.156897 0.004267 0.987606 0.000000 0.062782 0.000209 -0.009117 1.000000 
0.987319 -0.012356 0.158268 0.000000 0.012940 0.999913 -0.002662 0.000000 -0.158221 0.004676 0.987393 0.000000 0.063186 0.000134 -0.008997 1.000000 
0.987245 -0.012384 0.158727 0.000000 0.012986 0.999912 -0.002760 0.000000 -0.158679 0.004786 0.987319 0.000000 0.063319 0.000033 -0.008974 1.000000 
0.987227 -0.012691 0.158812 0.000000 0.013280 0.999908 -0.002650 0.000000 -0.158763 0.004725 0.987305 0.000000 0.063322 0.000118 -0.008962 1.000000 
0.987232 -0.012296 0.158811 0.000000 0.012935 0.999912 -0.002993 0.000000 -0.158760 0.005009 0.987305 0.000000 0.063360 0.000006 -0.008909 1.000000 
0.987173 -0.012043 0.159198 0.000000 0.012674 0.999915 -0.002947 0.000000 -0.159149 0.004927 0.987242 0.000000 0.063408 0.000046 -0.008870 1.000000 
0.987024 -0.011921 0.160130 0.000000 0.012566 0.999916 -0.003015 0.000000 -0.160081 0.004989 0.987091 0.000000 0.063561 0.000112 -0.008828 1.000000 
0.986786 -0.011779 0.161601 0.000000 0.012468 0.999917 -0.003248 0.000000 -0.161550 0.005220 0.986851 0.000000 0.063727 0.000064 -0.008734 1.000000 
0.986565 -0.012014 0.162928 0.000000 0.012707 0.999914 -0.003215 0.000000 -0.162876 0.005242 0.986633 0.000000 0.063919 0.000083 -0.008699 1.000000 
0.986300 -0.012338 0.164497 0.000000 0.013064 0.999909 -0.003335 0.000000 -0.164441 0.005439 0.986372 0.000000 0.064254 0.000118 -0.008640 1.000000 
0.986032 -0.012388 0.166092 0.000000 0.013119 0.999908 -0.003308 0.000000 -0.166036 0.005440 0.986105 0.000000 0.064552 0.000071 -0.008556 1.000000 
0.985830 -0.013439 0.167208 0.000000 0.014208 0.999893 -0.003409 0.000000 -0.167144 0.005736 0.985916 0.000000 0.065007 -0.000049 -0.008581 1.000000 
0.985871 -0.014114 0.166910 0.000000 0.014895 0.999883 -0.003426 0.000000 -0.166842 0.005864 0.985966 0.000000 0.065827 -0.000264 -0.008759 1.000000 
0.985994 -0.013726 0.166218 0.000000 0.014486 0.999889 -0.003362 0.000000 -0.166153 0.005722 0.986083 0.000000 0.066698 -0.000321 -0.009074 1.000000 
0.986032 -0.013451 0.166014 0.000000 0.014213 0.999893 -0.003404 0.000000 -0.165951 0.005716 0.986117 0.000000 0.067482 -0.000222 -0.009320 1.000000 
0.985931 -0.013206 0.166629 0.000000 0.013979 0.999896 -0.003467 0.000000 -0.166566 0.005748 0.986014 0.000000 0.068298 -0.000120 -0.009426 1.000000 
0.985831 -0.013216 0.167223 0.000000 0.014011 0.999895 -0.003579 0.000000 -0.167158 0.005871 0.985913 0.000000 0.069132 -0.000206 -0.009550 1.000000 
0.985716 -0.013099 0.167904 0.000000 0.013897 0.999897 -0.003579 0.000000 -0.167840 0.005862 0.985797 0.000000 0.070057 -0.000282 -0.009717 1.000000 
0.985590 -0.013008 0.168653 0.000000 0.013798 0.999899 -0.003511 0.000000 -0.168590 0.005787 0.985669 0.000000 0.071010 -0.000292 -0.009839 1.000000 
0.985466 -0.013030 0.169375 0.000000 0.013791 0.999899 -0.003318 0.000000 -0.169315 0.005605 0.985546 0.000000 0.071831 -0.000179 -0.009986 1.000000 
0.985277 -0.012947 0.170474 0.000000 0.013724 0.999900 -0.003381 0.000000 -0.170414 0.005671 0.985356 0.000000 0.072604 -0.000266 -0.010101 1.000000 
0.985008 -0.013015 0.172019 0.000000 0.013810 0.999899 -0.003426 0.000000 -0.171957 0.005750 0.985088 0.000000 0.073452 -0.000288 -0.010225 1.000000 
0.984684 -0.013081 0.173856 0.000000 0.013896 0.999897 -0.003470 0.000000 -0.173792 0.005833 0.984765 0.000000 0.074309 -0.000312 -0.010363 1.000000 
0.984384 -0.013684 0.175500 0.000000 0.014478 0.999890 -0.003246 0.000000 -0.175437 0.005736 0.984474 0.000000 0.075278 -0.000250 -0.010467 1.000000 
0.984100 -0.013176 0.177128 0.000000 0.013981 0.999897 -0.003293 0.000000 -0.177066 0.005717 0.984182 0.000000 0.076139 -0.000271 -0.010611 1.000000 
0.983761 -0.013761 0.178957 0.000000 0.014604 0.999888 -0.003394 0.000000 -0.178890 0.005952 0.983851 0.000000 0.077072 -0.000427 -0.010722 1.000000 
0.983413 -0.013600 0.180868 0.000000 0.014449 0.999890 -0.003376 0.000000 -0.180802 0.005934 0.983502 0.000000 0.078009 -0.000410 -0.010829 1.000000 
0.983095 -0.013623 0.182588 0.000000 0.014527 0.999888 -0.003615 0.000000 -0.182518 0.006206 0.983183 0.000000 0.078943 -0.000522 -0.010966 1.000000 
0.982662 -0.013889 0.184886 0.000000 0.014817 0.999884 -0.003640 0.000000 -0.184814 0.006317 0.982753 0.000000 0.079995 -0.000532 -0.011094 1.000000 
0.982139 -0.013601 0.187665 0.000000 0.014544 0.999888 -0.003646 0.000000 -0.187594 0.006310 0.982226 0.000000 0.080979 -0.000616 -0.011173 1.000000 
0.981631 -0.013831 0.190288 0.000000 0.014840 0.999882 -0.003878 0.000000 -0.190212 0.006631 0.981721 0.000000 0.082020 -0.000762 -0.011302 1.000000 
0.981072 -0.013803 0.193149 0.000000 0.014827 0.999883 -0.003858 0.000000 -0.193073 0.006649 0.981162 0.000000 0.083148 -0.000709 -0.011395 1.000000 
0.980491 -0.014007 0.196064 0.000000 0.015067 0.999879 -0.003914 0.000000 -0.195985 0.006791 0.980583 0.000000 0.084270 -0.000819 -0.011429 1.000000 
0.979972 -0.014183 0.198628 0.000000 0.015277 0.999875 -0.003976 0.000000 -0.198546 0.006931 0.980067 0.000000 0.085356 -0.000864 -0.011512 1.000000 
0.979472 -0.014487 0.201059 0.000000 0.015597 0.999871 -0.003937 0.000000 -0.200975 0.006992 0.979571 0.000000 0.086412 -0.000751 -0.011609 1.000000 
0.979067 -0.014887 0.202995 0.000000 0.015994 0.999865 -0.003815 0.000000 -0.202911 0.006982 0.979172 0.000000 0.087363 -0.000775 -0.011710 1.000000 
0.978736 -0.014711 0.204595 0.000000 0.015815 0.999868 -0.003762 0.000000 -0.204513 0.006917 0.978839 0.000000 0.088370 -0.000708 -0.011799 1.000000 
0.978348 -0.014570 0.206451 0.000000 0.015711 0.999869 -0.003888 0.000000 -0.206368 0.007047 0.978449 0.000000 0.089236 -0.000654 -0.011879 1.000000 
0.977941 -0.014743 0.208362 0.000000 0.015911 0.999866 -0.003928 0.000000 -0.208276 0.007157 0.978044 0.000000 0.090041 -0.000740 -0.011958 1.000000 
0.977502 -0.014574 0.210424 0.000000 0.015819 0.999866 -0.004235 0.000000 -0.210334 0.007469 0.977601 0.000000 0.090894 -0.000899 -0.012025 1.000000 
0.977051 -0.015009 0.212475 0.000000 0.016231 0.999860 -0.004007 0.000000 -0.212385 0.007364 0.977158 0.000000 0.091714 -0.000799 -0.012030 1.000000 
0.976708 -0.015005 0.214045 0.000000 0.016233 0.999860 -0.003981 0.000000 -0.213956 0.007363 0.976816 0.000000 0.092352 -0.000754 -0.012049 1.000000 
0.976321 -0.015408 0.215776 0.000000 0.016643 0.999854 -0.003911 0.000000 -0.215684 0.007410 0.976435 0.000000 0.093078 -0.000779 -0.012109 1.000000 
0.976006 -0.015731 0.217173 0.000000 0.017026 0.999847 -0.004094 0.000000 -0.217075 0.007693 0.976125 0.000000 0.093882 -0.000997 -0.012194 1.000000 
0.975749 -0.015843 0.218319 0.000000 0.017085 0.999847 -0.003800 0.000000 -0.218225 0.007438 0.975870 0.000000 0.094696 -0.000894 -0.012346 1.000000 
0.975435 -0.015758 0.219722 0.000000 0.017039 0.999847 -0.003934 0.000000 -0.219626 0.007581 0.975555 0.000000 0.095515 -0.000921 -0.012474 1.000000 
0.975033 -0.015616 0.221509 0.000000 0.016923 0.999849 -0.004004 0.000000 -0.221413 0.007653 0.975150 0.000000 0.096417 -0.000950 -0.012550 1.000000 
0.974632 -0.015727 0.223260 0.000000 0.017060 0.999846 -0.004040 0.000000 -0.223163 0.007746 0.974750 0.000000 0.097161 -0.000972 -0.012631 1.000000 
0.974250 -0.015834 0.224915 0.000000 0.017190 0.999844 -0.004071 0.000000 -0.224816 0.007832 0.974370 0.000000 0.097963 -0.000941 -0.012708 1.000000 
0.973794 -0.015905 0.226874 0.000000 0.017271 0.999843 -0.004039 0.000000 -0.226774 0.007852 0.973916 0.000000 0.098805 -0.001001 -0.012775 1.000000 
0.973314 -0.016153 0.228907 0.000000 0.017525 0.999839 -0.003959 0.000000 -0.228806 0.007865 0.973440 0.000000 0.099691 -0.001101 -0.012854 1.000000 
0.972869 -0.016493 0.230767 0.000000 0.017836 0.999834 -0.003735 0.000000 -0.230667 0.007749 0.973002 0.000000 0.100556 -0.000983 -0.012945 1.000000 
0.972430 -0.016909 0.232583 0.000000 0.018266 0.999826 -0.003683 0.000000 -0.232481 0.007830 0.972570 0.000000 0.101513 -0.001043 -0.013155 1.000000 
0.971972 -0.016558 0.234514 0.000000 0.017969 0.999831 -0.003881 0.000000 -0.234410 0.007986 0.972105 0.000000 0.102494 -0.001090 -0.013316 1.000000 
0.971412 -0.016773 0.236806 0.000000 0.018169 0.999828 -0.003716 0.000000 -0.236702 0.007913 0.971550 0.000000 0.103545 -0.001075 -0.013435 1.000000 
0.970899 -0.017318 0.238863 0.000000 0.018743 0.999817 -0.003698 0.000000 -0.238756 0.008068 0.971046 0.000000 0.104617 -0.001162 -0.013609 1.000000 
0.970424 -0.017509 0.240772 0.000000 0.018963 0.999813 -0.003721 0.000000 -0.240662 0.008177 0.970574 0.000000 0.105773 -0.001158 -0.013769 1.000000 
0.969874 -0.017294 0.242991 0.000000 0.018751 0.999817 -0.003684 0.000000 -0.242883 0.008130 0.970021 0.000000 0.106877 -0.001104 -0.013861 1.000000 
0.969293 -0.017303 0.245301 0.000000 0.018753 0.999818 -0.003579 0.000000 -0.245194 0.008069 0.969440 0.000000 0.107907 -0.001072 -0.013956 1.000000 
0.968648 -0.017273 0.247835 0.000000 0.018737 0.999818 -0.003549 0.000000 -0.247728 0.008081 0.968796 0.000000 0.108901 -0.001101 -0.013982 1.000000 
0.967958 -0.017665 0.250489 0.000000 0.019121 0.999811 -0.003378 0.000000 -0.250382 0.008059 0.968114 0.000000 0.109964 -0.001155 -0.013951 1.000000 
0.967384 -0.018071 0.252669 0.000000 0.019504 0.999805 -0.003165 0.000000 -0.252562 0.007989 0.967548 0.000000 0.110888 -0.001071 -0.014005 1.000000 
0.966769 -0.018082 0.255013 0.000000 0.019539 0.999804 -0.003183 0.000000 -0.254906 0.008060 0.966932 0.000000 0.111820 -0.001006 -0.014033 1.000000 
0.966130 -0.017841 0.257439 0.000000 0.019393 0.999806 -0.003492 0.000000 -0.257326 0.008366 0.966288 0.000000 0.112634 -0.001063 -0.013993 1.000000 
0.965535 -0.018662 0.259605 0.000000 0.020160 0.999792 -0.003113 0.000000 -0.259493 0.008239 0.965710 0.000000 0.113451 -0.001095 -0.013979 1.000000 
0.965036 -0.018812 0.261441 0.000000 0.020349 0.999788 -0.003176 0.000000 -0.261326 0.008385 0.965214 0.000000 0.114147 -0.001107 -0.014028 1.000000 
0.964530 -0.018733 0.263308 0.000000 0.020252 0.999790 -0.003055 0.000000 -0.263195 0.008279 0.964707 0.000000 0.114880 -0.001142 -0.014050 1.000000 
0.963990 -0.018856 0.265269 0.000000 0.020368 0.999788 -0.002953 0.000000 -0.265157 0.008249 0.964170 0.000000 0.115608 -0.001037 -0.014009 1.000000 
0.963387 -0.018868 0.267449 0.000000 0.020450 0.999786 -0.003130 0.000000 -0.267333 0.008485 0.963567 0.000000 0.116311 -0.001057 -0.013923 1.000000 
0.962882 -0.019083 0.269247 0.000000 0.020740 0.999779 -0.003310 0.000000 -0.269124 0.008772 0.963066 0.000000 0.116943 -0.001211 -0.013849 1.000000 
0.962352 -0.019174 0.271129 0.000000 0.020815 0.999778 -0.003180 0.000000 -0.271008 0.008704 0.962538 0.000000 0.117569 -0.001185 -0.013880 1.000000 
0.961762 -0.019333 0.273203 0.000000 0.020995 0.999775 -0.003161 0.000000 -0.273080 0.008776 0.961951 0.000000 0.118240 -0.001242 -0.013866 1.000000 
0.961123 -0.019614 0.275425 0.000000 0.021326 0.999767 -0.003224 0.000000 -0.275297 0.008972 0.961317 0.000000 0.118988 -0.001207 -0.013819 1.000000 
0.960515 -0.019757 0.277527 0.000000 0.021525 0.999763 -0.003325 0.000000 -0.277395 0.009167 0.960712 0.000000 0.119733 -0.001416 -0.013814 1.000000 
0.959994 -0.020122 0.279295 0.000000 0.021850 0.999757 -0.003076 0.000000 -0.279165 0.009055 0.960200 0.000000 0.120455 -0.001372 -0.013884 1.000000 
0.959505 -0.020395 0.280953 0.000000 0.022127 0.999751 -0.002994 0.000000 -0.280822 0.009089 0.959717 0.000000 0.121268 -0.001388 -0.013958 1.000000 
0.958937 -0.020326 0.282889 0.000000 0.022129 0.999750 -0.003181 0.000000 -0.282754 0.009311 0.959147 0.000000 0.122217 -0.001522 -0.014053 1.000000 
0.958326 -0.020384 0.284950 0.000000 0.022275 0.999746 -0.003395 0.000000 -0.284808 0.009601 0.958536 0.000000 0.123227 -0.001502 -0.014063 1.000000 
0.957597 -0.020114 0.287409 0.000000 0.021992 0.999753 -0.003307 0.000000 -0.287272 0.009488 0.957802 0.000000 0.124183 -0.001396 -0.014045 1.000000 
0.956769 -0.020306 0.290137 0.000000 0.022263 0.999746 -0.003444 0.000000 -0.289994 0.009754 0.956979 0.000000 0.125124 -0.001533 -0.014029 1.000000 
0.955990 -0.020656 0.292673 0.000000 0.022529 0.999742 -0.003031 0.000000 -0.292535 0.009491 0.956208 0.000000 0.126043 -0.001545 -0.014080 1.000000 
0.955133 -0.020868 0.295442 0.000000 0.022680 0.999739 -0.002706 0.000000 -0.295308 0.009285 0.955357 0.000000 0.127063 -0.001443 -0.014114 1.000000 
0.954388 -0.021176 0.297816 0.000000 0.023007 0.999732 -0.002644 0.000000 -0.297680 0.009375 0.954620 0.000000 0.128036 -0.001586 -0.014248 1.000000 
0.953674 -0.021536 0.300071 0.000000 0.023343 0.999725 -0.002438 0.000000 -0.299936 0.009330 0.953914 0.000000 0.129320 -0.001541 -0.014260 1.000000 
0.953318 -0.021741 0.301183 0.000000 0.023461 0.999723 -0.002094 0.000000 -0.301054 0.009063 0.953564 0.000000 0.130430 -0.001301 -0.014349 1.000000 
0.952929 -0.021645 0.302419 0.000000 0.023360 0.999725 -0.002054 0.000000 -0.302292 0.009022 0.953173 0.000000 0.131233 -0.001211 -0.014322 1.000000 
0.952670 -0.021851 0.303221 0.000000 0.023484 0.999723 -0.001740 0.000000 -0.303099 0.008778 0.952919 0.000000 0.131651 -0.001028 -0.014303 1.000000 
0.952543 -0.021816 0.303621 0.000000 0.023494 0.999722 -0.001875 0.000000 -0.303496 0.008919 0.952791 0.000000 0.131939 -0.001111 -0.014221 1.000000 
0.952476 -0.021992 0.303820 0.000000 0.023682 0.999718 -0.001878 0.000000 -0.303693 0.008984 0.952728 0.000000 0.132113 -0.001162 -0.014157 1.000000 
0.952417 -0.021951 0.304005 0.000000 0.023700 0.999717 -0.002064 0.000000 -0.303874 0.009171 0.952668 0.000000 0.132272 -0.001285 -0.014090 1.000000 
0.952348 -0.022063 0.304215 0.000000 0.023787 0.999715 -0.001962 0.000000 -0.304085 0.009105 0.952601 0.000000 0.132451 -0.001336 -0.014030 1.000000 
0.952298 -0.022184 0.304361 0.000000 0.023918 0.999712 -0.001972 0.000000 -0.304230 0.009157 0.952555 0.000000 0.132566 -0.001534 -0.014081 1.000000 
0.952251 -0.021943 0.304528 0.000000 0.023644 0.999719 -0.001897 0.000000 -0.304400 0.009006 0.952502 0.000000 0.132661 -0.001294 -0.014167 1.000000 
0.952022 -0.021814 0.305252 0.000000 0.023633 0.999718 -0.002266 0.000000 -0.305116 0.009371 0.952269 0.000000 0.132979 -0.001509 -0.014179 1.000000 
0.951651 -0.021696 0.306414 0.000000 0.023555 0.999720 -0.002370 0.000000 -0.306277 0.009473 0.951895 0.000000 0.133443 -0.001676 -0.014214 1.000000 
0.951187 -0.021734 0.307847 0.000000 0.023610 0.999718 -0.002370 0.000000 -0.307709 0.009522 0.951433 0.000000 0.134073 -0.001809 -0.014395 1.000000 
0.950672 -0.022090 0.309410 0.000000 0.023975 0.999710 -0.002292 0.000000 -0.309270 0.009597 0.950926 0.000000 0.134944 -0.001898 -0.014611 1.000000 
0.950072 -0.021781 0.311271 0.000000 0.023705 0.999716 -0.002397 0.000000 -0.311130 0.009656 0.950318 0.000000 0.136055 -0.001914 -0.014822 1.000000 
0.949433 -0.022104 0.313190 0.000000 0.023926 0.999712 -0.001974 0.000000 -0.313056 0.009368 0.949689 0.000000 0.137145 -0.001966 -0.015060 1.000000 
0.948641 -0.022316 0.315568 0.000000 0.024058 0.999709 -0.001626 0.000000 -0.315440 0.009134 0.948902 0.000000 0.138319 -0.001897 -0.015196 1.000000 
0.947796 -0.022197 0.318103 0.000000 0.023971 0.999711 -0.001663 0.000000 -0.317974 0.009202 0.948055 0.000000 0.139355 -0.002025 -0.015283 1.000000 
0.947004 -0.022513 0.320433 0.000000 0.024254 0.999705 -0.001443 0.000000 -0.320306 0.009139 0.947270 0.000000 0.140387 -0.001816 -0.015207 1.000000 
0.946305 -0.022407 0.322499 0.000000 0.024172 0.999707 -0.001469 0.000000 -0.322371 0.009185 0.946569 0.000000 0.141203 -0.001785 -0.015233 1.000000 
0.945507 -0.022464 0.324827 0.000000 0.024219 0.999706 -0.001357 0.000000 -0.324701 0.009150 0.945772 0.000000 0.142005 -0.001708 -0.015144 1.000000 
0.944698 -0.022385 0.327178 0.000000 0.024169 0.999707 -0.001389 0.000000 -0.327051 0.009220 0.944962 0.000000 0.142696 -0.001833 -0.015082 1.000000 
0.943905 -0.022873 0.329423 0.000000 0.024724 0.999693 -0.001431 0.000000 -0.329289 0.009495 0.944181 0.000000 0.143496 -0.001942 -0.014986 1.000000 
0.943222 -0.023003 0.331366 0.000000 0.024948 0.999687 -0.001616 0.000000 -0.331225 0.009791 0.943501 0.000000 0.144208 -0.002027 -0.014986 1.000000 
0.942564 -0.023369 0.333207 0.000000 0.025304 0.999679 -0.001468 0.000000 -0.333065 0.009815 0.942853 0.000000 0.145030 -0.002094 -0.014993 1.000000 
0.941897 -0.023368 0.335089 0.000000 0.025263 0.999680 -0.001295 0.000000 -0.334951 0.009685 0.942186 0.000000 0.145971 -0.001982 -0.015017 1.000000 
0.941321 -0.023608 0.336685 0.000000 0.025559 0.999672 -0.001363 0.000000 -0.336543 0.009888 0.941616 0.000000 0.146719 -0.002047 -0.015108 1.000000 
0.940620 -0.022904 0.338688 0.000000 0.024909 0.999689 -0.001574 0.000000 -0.338546 0.009917 0.940897 0.000000 0.147508 -0.002092 -0.015127 1.000000 
0.939857 -0.023535 0.340755 0.000000 0.025560 0.999672 -0.001455 0.000000 -0.340609 0.010077 0.940151 0.000000 0.148381 -0.002127 -0.015099 1.000000 
0.939263 -0.023766 0.342375 0.000000 0.025859 0.999664 -0.001549 0.000000 -0.342223 0.010308 0.939562 0.000000 0.149255 -0.002164 -0.015171 1.000000 
0.938605 -0.023264 0.344210 0.000000 0.025412 0.999676 -0.001730 0.000000 -0.344058 0.010371 0.938891 0.000000 0.150072 -0.002207 -0.015182 1.000000 
0.937823 -0.023415 0.346323 0.000000 0.025583 0.999671 -0.001688 0.000000 -0.346169 0.010443 0.938114 0.000000 0.150872 -0.002234 -0.015196 1.000000 
0.936985 -0.023393 0.348584 0.000000 0.025728 0.999667 -0.002069 0.000000 -0.348420 0.010907 0.937275 0.000000 0.151812 -0.002482 -0.015224 1.000000 
0.936438 -0.024091 0.350005 0.000000 0.026558 0.999645 -0.002250 0.000000 -0.349826 0.011402 0.936745 0.000000 0.152871 -0.002741 -0.015403 1.000000 
0.936024 -0.023772 0.351132 0.000000 0.026246 0.999653 -0.002289 0.000000 -0.350956 0.011358 0.936323 0.000000 0.153974 -0.002765 -0.015663 1.000000 
0.935688 -0.024786 0.351958 0.000000 0.027200 0.999628 -0.001916 0.000000 -0.351780 0.011366 0.936014 0.000000 0.155109 -0.002827 -0.016021 1.000000 
0.935437 -0.024334 0.352654 0.000000 0.026765 0.999640 -0.002018 0.000000 -0.352478 0.011327 0.935751 0.000000 0.156385 -0.002865 -0.016368 1.000000 
0.934965 -0.023743 0.353945 0.000000 0.026194 0.999655 -0.002135 0.000000 -0.353773 0.011267 0.935264 0.000000 0.157564 -0.002802 -0.016631 1.000000 
0.934308 -0.023770 0.355673 0.000000 0.026167 0.999656 -0.001929 0.000000 -0.355504 0.011109 0.934609 0.000000 0.158754 -0.002665 -0.016765 1.000000 
0.933613 -0.023759 0.357496 0.000000 0.026174 0.999656 -0.001916 0.000000 -0.357327 0.011146 0.933913 0.000000 0.159937 -0.002689 -0.016866 1.000000 
0.932919 -0.023319 0.359330 0.000000 0.025747 0.999667 -0.001972 0.000000 -0.359164 0.011092 0.933209 0.000000 0.161005 -0.002629 -0.016935 1.000000 
0.932239 -0.023269 0.361094 0.000000 0.025705 0.999668 -0.001945 0.000000 -0.360929 0.011096 0.932527 0.000000 0.161820 -0.002519 -0.017014 1.000000 
0.931577 -0.023451 0.362788 0.000000 0.025971 0.999661 -0.002070 0.000000 -0.362616 0.011350 0.931869 0.000000 0.162670 -0.002604 -0.017058 1.000000 
0.931032 -0.023614 0.364174 0.000000 0.026163 0.999656 -0.002067 0.000000 -0.364000 0.011452 0.931329 0.000000 0.163548 -0.002656 -0.017143 1.000000 
0.930519 -0.023447 0.365493 0.000000 0.025977 0.999660 -0.002006 0.000000 -0.365322 0.011362 0.930812 0.000000 0.164342 -0.002610 -0.017195 1.000000 
0.929880 -0.023280 0.367124 0.000000 0.025833 0.999664 -0.002040 0.000000 -0.366954 0.011381 0.930170 0.000000 0.165185 -0.002548 -0.017230 1.000000 
0.929071 -0.023259 0.369168 0.000000 0.025934 0.999661 -0.002284 0.000000 -0.368990 0.011696 0.929360 0.000000 0.166132 -0.002749 -0.017182 1.000000 
0.928392 -0.023396 0.370866 0.000000 0.025971 0.999661 -0.001950 0.000000 -0.370694 0.011442 0.928685 0.000000 0.166893 -0.002586 -0.017205 1.000000 
0.927581 -0.023301 0.372894 0.000000 0.025898 0.999663 -0.001957 0.000000 -0.372722 0.011472 0.927872 0.000000 0.167742 -0.002607 -0.017153 1.000000 
0.926734 -0.022898 0.375019 0.000000 0.025609 0.999669 -0.002247 0.000000 -0.374844 0.011686 0.927014 0.000000 0.168553 -0.002633 -0.017095 1.000000 
0.925751 -0.022583 0.377459 0.000000 0.025378 0.999675 -0.002434 0.000000 -0.377282 0.011833 0.926023 0.000000 0.169418 -0.002570 -0.016968 1.000000 
0.924844 -0.022971 0.379653 0.000000 0.025785 0.999665 -0.002328 0.000000 -0.379472 0.011943 0.925126 0.000000 0.170188 -0.002676 -0.016911 1.000000 
0.924083 -0.023425 0.381475 0.000000 0.026343 0.999650 -0.002429 0.000000 -0.381284 0.012294 0.924376 0.000000 0.170982 -0.002887 -0.016958 1.000000 
0.923378 -0.023373 0.383180 0.000000 0.026304 0.999651 -0.002410 0.000000 -0.382990 0.012304 0.923671 0.000000 0.171953 -0.002801 -0.017002 1.000000 
0.922525 -0.023091 0.385247 0.000000 0.026182 0.999653 -0.002777 0.000000 -0.385049 0.012649 0.922809 0.000000 0.172950 -0.002894 -0.017001 1.000000 
0.921657 -0.023641 0.387284 0.000000 0.026782 0.999638 -0.002715 0.000000 -0.387080 0.012874 0.921956 0.000000 0.174027 -0.003005 -0.017052 1.000000 
0.920919 -0.023597 0.389040 0.000000 0.026848 0.999635 -0.002921 0.000000 -0.388829 0.013135 0.921216 0.000000 0.175235 -0.003049 -0.017177 1.000000 
0.919884 -0.022890 0.391523 0.000000 0.026103 0.999655 -0.002884 0.000000 -0.391322 0.012872 0.920164 0.000000 0.176524 -0.002920 -0.017201 1.000000 
0.918319 -0.021872 0.395236 0.000000 0.025233 0.999676 -0.003306 0.000000 -0.395036 0.013009 0.918574 0.000000 0.177895 -0.002971 -0.017045 1.000000 
0.916401 -0.021729 0.399672 0.000000 0.025117 0.999679 -0.003242 0.000000 -0.399473 0.013010 0.916653 0.000000 0.179389 -0.003003 -0.016785 1.000000 
0.914418 -0.022486 0.404147 0.000000 0.026073 0.999654 -0.003374 0.000000 -0.403931 0.013622 0.914688 0.000000 0.181142 -0.003206 -0.016508 1.000000 
0.912846 -0.023103 0.407649 0.000000 0.026833 0.999634 -0.003433 0.000000 -0.407420 0.014072 0.913132 0.000000 0.182844 -0.003406 -0.016472 1.000000 
0.911423 -0.022756 0.410840 0.000000 0.026514 0.999642 -0.003452 0.000000 -0.410615 0.014039 0.911701 0.000000 0.184458 -0.003382 -0.016485 1.000000 
0.909982 -0.022933 0.414012 0.000000 0.026700 0.999638 -0.003314 0.000000 -0.413787 0.014069 0.910265 0.000000 0.186090 -0.003391 -0.016421 1.000000 
0.908658 -0.023531 0.416877 0.000000 0.027294 0.999623 -0.003067 0.000000 -0.416648 0.014164 0.908958 0.000000 0.187696 -0.003316 -0.016373 1.000000 
0.907435 -0.023387 0.419542 0.000000 0.027157 0.999627 -0.003015 0.000000 -0.419315 0.014129 0.907731 0.000000 0.189207 -0.003303 -0.016332 1.000000 
0.906197 -0.023430 0.422206 0.000000 0.027095 0.999629 -0.002682 0.000000 -0.421986 0.013871 0.906496 0.000000 0.190699 -0.003175 -0.016276 1.000000 
0.905226 -0.023673 0.424271 0.000000 0.027326 0.999623 -0.002526 0.000000 -0.424051 0.013881 0.905532 0.000000 0.191959 -0.003090 -0.016278 1.000000 
0.904312 -0.023606 0.426218 0.000000 0.027285 0.999624 -0.002527 0.000000 -0.425998 0.013915 0.904617 0.000000 0.193077 -0.003047 -0.016241 1.000000 
