1305031790.6404 1.000000 0.000000 0.000000 0.000000 0.000000 1.000000 0.000000 0.000000 0.000000 0.000000 1.000000 0.000000 0.000000 0.000000 0.000000 1.000000 
1305031790.6728 0.999969 -0.007835 0.001189 0.000000 0.007812 0.999791 0.018917 0.000000 -0.001337 -0.018907 0.999820 0.000000 -0.003474 -0.008290 -0.001869 1.000000 
1305031790.7094 0.999881 -0.015356 0.001215 0.000000 0.015296 0.999105 0.039429 0.000000 -0.001819 -0.039406 0.999222 0.000000 -0.008432 -0.015782 -0.004376 1.000000 
1305031790.7395 0.999738 -0.022742 0.002739 0.000000 0.022525 0.997772 0.062804 0.000000 -0.004162 -0.062726 0.998022 0.000000 -0.010260 -0.018284 -0.006286 1.000000 
1305031790.7735 0.999429 -0.033707 0.002197 0.000000 0.033431 0.996367 0.078322 0.000000 -0.004829 -0.078204 0.996926 0.000000 -0.018001 -0.025848 -0.008524 1.000000 
1305031790.8095 0.998793 -0.049041 0.002663 0.000000 0.048562 0.994235 0.095596 0.000000 -0.007336 -0.095351 0.995417 0.000000 -0.026855 -0.034662 -0.010641 1.000000 
1305031790.8393 0.997852 -0.065445 0.002814 0.000000 0.064629 0.990598 0.120578 0.000000 -0.010679 -0.120138 0.992700 0.000000 -0.034202 -0.040359 -0.013724 1.000000 
1305031790.8716 0.996570 -0.082470 0.006885 0.000000 0.080539 0.985631 0.148478 0.000000 -0.019031 -0.147414 0.988892 0.000000 -0.037196 -0.042112 -0.015505 1.000000 
1305031790.9094 0.994783 -0.100773 0.015848 0.000000 0.096605 0.980528 0.170976 0.000000 -0.032769 -0.168553 0.985148 0.000000 -0.039571 -0.043882 -0.016557 1.000000 
1305031790.9414 0.993020 -0.115702 0.022913 0.000000 0.109536 0.976674 0.184690 0.000000 -0.043747 -0.180891 0.982530 0.000000 -0.047041 -0.046505 -0.017538 1.000000 
1305031790.9736 0.990026 -0.136238 0.035883 0.000000 0.126618 0.972112 0.197399 0.000000 -0.061775 -0.190887 0.979666 0.000000 -0.048164 -0.047402 -0.016805 1.000000 
1305031791.0094 0.985840 -0.160580 0.048304 0.000000 0.147783 0.968118 0.202255 0.000000 -0.079242 -0.192253 0.978141 0.000000 -0.047875 -0.046610 -0.014261 1.000000 
1305031791.0411 0.981575 -0.180440 0.062856 0.000000 0.165234 0.966784 0.195002 0.000000 -0.095954 -0.181023 0.978787 0.000000 -0.046730 -0.040755 -0.008880 1.000000 
1305031791.0735 0.977825 -0.193579 0.079908 0.000000 0.177280 0.968249 0.176256 0.000000 -0.111491 -0.158182 0.981095 0.000000 -0.051496 -0.037577 -0.002008 1.000000 
1305031791.1094 0.972596 -0.206292 0.107236 0.000000 0.187897 0.969063 0.160037 0.000000 -0.136933 -0.135502 0.981269 0.000000 -0.047110 -0.030356 0.008771 1.000000 
1305031791.1413 0.969468 -0.199903 0.142022 0.000000 0.182397 0.974958 0.127230 0.000000 -0.163900 -0.097441 0.981653 0.000000 -0.047636 -0.011511 0.020246 1.000000 
1305031791.1732 0.962510 -0.197385 0.186046 0.000000 0.186561 0.979640 0.074170 0.000000 -0.196898 -0.036680 0.979738 0.000000 -0.053843 -0.014276 0.033199 1.000000 
1305031791.2095 0.954035 -0.189984 0.231782 0.000000 0.186948 0.981739 0.035203 0.000000 -0.234238 0.009746 0.972131 0.000000 -0.056142 -0.004544 0.048781 1.000000 
1305031791.2410 0.944680 -0.173973 0.278051 0.000000 0.188026 0.981859 -0.024482 0.000000 -0.268748 0.075408 0.960254 0.000000 -0.060215 0.003765 0.062575 1.000000 
1305031791.2735 0.930234 -0.167394 0.326564 0.000000 0.203909 0.975655 -0.080733 0.000000 -0.305100 0.141689 0.941721 0.000000 -0.057751 -0.001567 0.074089 1.000000 
1305031791.3097 0.914461 -0.160236 0.371598 0.000000 0.219897 0.967623 -0.123896 0.000000 -0.339714 0.195012 0.920089 0.000000 -0.060169 0.011028 0.085124 1.000000 
1305031791.3414 0.897030 -0.145804 0.417228 0.000000 0.239646 0.953655 -0.181969 0.000000 -0.371359 0.263219 0.890398 0.000000 -0.061257 0.018595 0.095762 1.000000 
1305031791.3735 0.879069 -0.134214 0.457410 0.000000 0.261632 0.937948 -0.227601 0.000000 -0.398479 0.319751 0.859636 0.000000 -0.063259 0.018787 0.105027 1.000000 
1305031791.4096 0.862585 -0.127061 0.489697 0.000000 0.285468 0.921374 -0.263776 0.000000 -0.417678 0.367322 0.831035 0.000000 -0.065332 0.032411 0.113729 1.000000 
1305031791.4415 0.848554 -0.120152 0.515287 0.000000 0.314830 0.897371 -0.309205 0.000000 -0.425252 0.424604 0.799295 0.000000 -0.064998 0.049171 0.121582 1.000000 
1305031791.4732 0.834982 -0.118084 0.537459 0.000000 0.343367 0.875035 -0.341193 0.000000 -0.430005 0.469436 0.771184 0.000000 -0.064650 0.066995 0.126635 1.000000 
1305031791.5095 0.824560 -0.112251 0.554528 0.000000 0.362625 0.857190 -0.365689 0.000000 -0.434287 0.502618 0.747509 0.000000 -0.058989 0.090641 0.130340 1.000000 
1305031791.5414 0.817736 -0.097747 0.567233 0.000000 0.375086 0.837995 -0.396326 0.000000 -0.436599 0.536851 0.721923 0.000000 -0.052965 0.109678 0.133610 1.000000 
1305031791.5740 0.809911 -0.082521 0.580719 0.000000 0.386463 0.819849 -0.422486 0.000000 -0.441237 0.566602 0.695896 0.000000 -0.047102 0.124905 0.136281 1.000000 
1305031791.6094 0.801202 -0.069958 0.594291 0.000000 0.397377 0.804744 -0.440997 0.000000 -0.447401 0.589485 0.672562 0.000000 -0.039851 0.140971 0.138041 1.000000 
1305031791.6412 0.795395 -0.050890 0.603951 0.000000 0.403233 0.788372 -0.464622 0.000000 -0.452493 0.613091 0.647587 0.000000 -0.033804 0.156456 0.139902 1.000000 
1305031791.6776 0.789616 -0.025431 0.613075 0.000000 0.409109 0.766476 -0.495121 0.000000 -0.457315 0.641770 0.615625 0.000000 -0.027909 0.169507 0.141206 1.000000 
1305031791.7092 0.781235 -0.003059 0.624230 0.000000 0.422952 0.738062 -0.525715 0.000000 -0.459112 0.674726 0.577893 0.000000 -0.024634 0.178626 0.142131 1.000000 
1305031791.7413 0.770350 0.022235 0.637233 0.000000 0.433636 0.714419 -0.549150 0.000000 -0.467462 0.699365 0.540710 0.000000 -0.017120 0.195834 0.143097 1.000000 
1305031791.7766 0.759213 0.049523 0.648956 0.000000 0.442548 0.691841 -0.570532 0.000000 -0.477229 0.720349 0.503338 0.000000 -0.011559 0.211100 0.143480 1.000000 
1305031791.8084 0.745054 0.091707 0.660670 0.000000 0.438294 0.679325 -0.588571 0.000000 -0.502786 0.728085 0.465939 0.000000 -0.009090 0.216306 0.143093 1.000000 
1305031791.8403 0.729434 0.132210 0.671153 0.000000 0.439573 0.661158 -0.607985 0.000000 -0.524120 0.738506 0.424155 0.000000 -0.008100 0.221267 0.142649 1.000000 
1305031791.8764 0.715404 0.159735 0.680208 0.000000 0.451946 0.636650 -0.624837 0.000000 -0.532863 0.754428 0.383270 0.000000 -0.005125 0.243735 0.143086 1.000000 
1305031791.9084 0.704816 0.179513 0.686301 0.000000 0.466053 0.612197 -0.638756 0.000000 -0.534817 0.770058 0.347824 0.000000 -0.002448 0.260582 0.142945 1.000000 
1305031791.9443 0.699096 0.196159 0.687595 0.000000 0.480156 0.583767 -0.654726 0.000000 -0.529825 0.787869 0.313922 0.000000 -0.000660 0.268967 0.141000 1.000000 
1305031791.9772 0.693654 0.215743 0.687240 0.000000 0.491965 0.554995 -0.670784 0.000000 -0.526131 0.803390 0.278836 0.000000 0.005769 0.284948 0.137389 1.000000 
1305031792.0055 0.686288 0.239115 0.686901 0.000000 0.499342 0.531776 -0.684012 0.000000 -0.528835 0.812428 0.245551 0.000000 0.007982 0.297734 0.133516 1.000000 
1305031792.0417 0.680244 0.263573 0.683957 0.000000 0.504086 0.509199 -0.697577 0.000000 -0.532133 0.819296 0.213516 0.000000 0.008789 0.312490 0.128837 1.000000 
1305031792.0767 0.668970 0.285326 0.686345 0.000000 0.513596 0.490055 -0.704319 0.000000 -0.537307 0.823672 0.181290 0.000000 0.032180 0.323533 0.124568 1.000000 
1305031792.1094 0.664714 0.299411 0.684476 0.000000 0.516969 0.477078 -0.710732 0.000000 -0.539350 0.826287 0.162335 0.000000 0.033693 0.330436 0.121924 1.000000 
1305031792.1414 0.661715 0.311111 0.682160 0.000000 0.522007 0.461926 -0.717031 0.000000 -0.538184 0.830563 0.143261 0.000000 0.036857 0.339951 0.118103 1.000000 
1305031792.1773 0.660052 0.321748 0.678830 0.000000 0.523660 0.450837 -0.722860 0.000000 -0.538620 0.832601 0.129089 0.000000 0.038721 0.348600 0.114609 1.000000 
1305031792.2092 0.656007 0.335931 0.675873 0.000000 0.521707 0.445287 -0.727696 0.000000 -0.545413 0.829982 0.116854 0.000000 0.036911 0.358402 0.111726 1.000000 
1305031792.2417 0.652853 0.349395 0.672092 0.000000 0.521282 0.436521 -0.733290 0.000000 -0.549590 0.829080 0.102851 0.000000 0.035464 0.365559 0.108871 1.000000 
1305031792.2775 0.652028 0.356877 0.668954 0.000000 0.520984 0.430129 -0.737269 0.000000 -0.550850 0.829234 0.094529 0.000000 0.035294 0.371471 0.106718 1.000000 
1305031792.3093 0.652381 0.358923 0.667513 0.000000 0.519238 0.429907 -0.738629 0.000000 -0.552079 0.828465 0.094097 0.000000 0.033700 0.375522 0.106862 1.000000 
1305031792.3410 0.655119 0.357272 0.665714 0.000000 0.517160 0.430296 -0.739859 0.000000 -0.550785 0.828976 0.097128 0.000000 0.031255 0.377881 0.107512 1.000000 
1305031792.3770 0.657045 0.348931 0.668236 0.000000 0.514720 0.439989 -0.735848 0.000000 -0.550777 0.827440 0.109491 0.000000 0.027916 0.378945 0.110459 1.000000 
1305031792.4093 0.656229 0.334877 0.676181 0.000000 0.515530 0.455385 -0.725846 0.000000 -0.550992 0.824913 0.126197 0.000000 0.023044 0.374419 0.116945 1.000000 
1305031792.4415 0.656448 0.316133 0.684935 0.000000 0.517692 0.471624 -0.713839 0.000000 -0.548700 0.823183 0.145937 0.000000 0.021362 0.369112 0.125011 1.000000 
1305031792.4770 0.658422 0.294175 0.692778 0.000000 0.518401 0.490059 -0.700787 0.000000 -0.545656 0.820550 0.170165 0.000000 0.018228 0.364547 0.133544 1.000000 
1305031792.5095 0.660352 0.266764 0.701977 0.000000 0.520464 0.511276 -0.683896 0.000000 -0.541344 0.816966 0.198781 0.000000 0.011955 0.355279 0.143967 1.000000 
1305031792.5410 0.662583 0.234676 0.711274 0.000000 0.522937 0.534916 -0.663628 0.000000 -0.536210 0.811660 0.231706 0.000000 0.007111 0.351440 0.154852 1.000000 
1305031792.5770 0.663698 0.196863 0.721630 0.000000 0.528653 0.559065 -0.638727 0.000000 -0.529180 0.805414 0.266978 0.000000 0.000309 0.341846 0.166712 1.000000 
1305031792.6093 0.661056 0.161374 0.732778 0.000000 0.532639 0.586931 -0.609761 0.000000 -0.528489 0.793392 0.302040 0.000000 -0.006467 0.331522 0.178502 1.000000 
1305031792.6412 0.655877 0.132767 0.743100 0.000000 0.533483 0.614935 -0.580733 0.000000 -0.534060 0.777321 0.332493 0.000000 -0.018593 0.314847 0.188531 1.000000 
1305031792.6776 0.652837 0.101992 0.750601 0.000000 0.539346 0.633190 -0.555135 0.000000 -0.531893 0.767247 0.358361 0.000000 -0.027968 0.303927 0.196441 1.000000 
1305031792.7092 0.649853 0.066755 0.757123 0.000000 0.545795 0.652270 -0.525977 0.000000 -0.528960 0.755042 0.387445 0.000000 -0.036123 0.310487 0.206008 1.000000 
1305031792.7415 0.648024 0.034821 0.760823 0.000000 0.547238 0.673492 -0.496929 0.000000 -0.529712 0.738374 0.417384 0.000000 -0.050469 0.307218 0.214516 1.000000 
1305031792.7775 0.647416 0.006112 0.762112 0.000000 0.543723 0.697010 -0.467484 0.000000 -0.534057 0.717035 0.447932 0.000000 -0.060201 0.303576 0.221978 1.000000 
1305031792.8094 0.644524 -0.022630 0.764249 0.000000 0.542916 0.717358 -0.436623 0.000000 -0.538359 0.696337 0.474641 0.000000 -0.066882 0.298507 0.227922 1.000000 
1305031792.8453 0.641303 -0.051372 0.765566 0.000000 0.545040 0.732773 -0.407400 0.000000 -0.540058 0.678531 0.497930 0.000000 -0.076074 0.289081 0.231833 1.000000 
1305031792.8775 0.638226 -0.078856 0.765800 0.000000 0.548082 0.745094 -0.380053 0.000000 -0.540624 0.662281 0.518758 0.000000 -0.086919 0.277509 0.234606 1.000000 
1305031792.9092 0.633262 -0.104911 0.766794 0.000000 0.550420 0.757557 -0.350921 0.000000 -0.544075 0.644283 0.537477 0.000000 -0.093090 0.267862 0.236861 1.000000 
1305031792.9453 0.630577 -0.136651 0.764002 0.000000 0.559586 0.762160 -0.325538 0.000000 -0.537807 0.632802 0.557068 0.000000 -0.104011 0.252590 0.237325 1.000000 
1305031792.9775 0.628343 -0.171796 0.758730 0.000000 0.569640 0.765834 -0.298344 0.000000 -0.529806 0.619665 0.579068 0.000000 -0.109386 0.240103 0.238225 1.000000 
1305031793.0095 0.625975 -0.207865 0.751630 0.000000 0.580832 0.767413 -0.271501 0.000000 -0.520375 0.606523 0.601115 0.000000 -0.118237 0.223670 0.238276 1.000000 
1305031793.0452 0.621674 -0.239019 0.745917 0.000000 0.590800 0.768339 -0.246190 0.000000 -0.514273 0.593738 0.618869 0.000000 -0.123533 0.211101 0.238685 1.000000 
1305031793.0775 0.615021 -0.263412 0.743212 0.000000 0.600183 0.767690 -0.224574 0.000000 -0.511400 0.584180 0.630240 0.000000 -0.128864 0.196118 0.236603 1.000000 
1305031793.1096 0.605011 -0.285351 0.743328 0.000000 0.609006 0.767234 -0.201155 0.000000 -0.512907 0.574392 0.637965 0.000000 -0.135752 0.182452 0.234549 1.000000 
1305031793.1454 0.591651 -0.305168 0.746205 0.000000 0.616854 0.767310 -0.175291 0.000000 -0.519077 0.564011 0.642224 0.000000 -0.142610 0.173724 0.232461 1.000000 
1305031793.1775 0.579028 -0.318890 0.750357 0.000000 0.622533 0.767226 -0.154331 0.000000 -0.526479 0.556484 0.642764 0.000000 -0.151885 0.159758 0.228861 1.000000 
1305031793.2096 0.565568 -0.333918 0.754077 0.000000 0.627495 0.767566 -0.130739 0.000000 -0.535147 0.547121 0.643642 0.000000 -0.159753 0.147373 0.224482 1.000000 
1305031793.2456 0.551828 -0.349433 0.757220 0.000000 0.631791 0.767845 -0.106086 0.000000 -0.544357 0.536946 0.644487 0.000000 -0.169757 0.135329 0.219954 1.000000 
1305031793.2771 0.538456 -0.363873 0.760041 0.000000 0.635088 0.768051 -0.082225 0.000000 -0.553830 0.526967 0.644653 0.000000 -0.178287 0.122949 0.214528 1.000000 
1305031793.3093 0.526269 -0.378798 0.761284 0.000000 0.638690 0.767136 -0.059811 0.000000 -0.561352 0.517701 0.645654 0.000000 -0.188986 0.110233 0.208477 1.000000 
1305031793.3455 0.512356 -0.398111 0.760920 0.000000 0.645457 0.762975 -0.035424 0.000000 -0.566460 0.509291 0.647878 0.000000 -0.197855 0.100820 0.202168 1.000000 
1305031793.3772 0.499428 -0.417435 0.759158 0.000000 0.651679 0.758405 -0.011699 0.000000 -0.570865 0.500570 0.650802 0.000000 -0.203941 0.091721 0.195359 1.000000 
1305031793.4057 0.487594 -0.437512 0.755536 0.000000 0.657800 0.753103 0.011585 0.000000 -0.574066 0.491343 0.655004 0.000000 -0.209102 0.083601 0.187875 1.000000 
1305031793.4422 0.474029 -0.458646 0.751625 0.000000 0.663451 0.747276 0.037572 0.000000 -0.578904 0.480856 0.658519 0.000000 -0.212712 0.078462 0.180509 1.000000 
1305031793.4741 0.459794 -0.475445 0.750028 0.000000 0.668647 0.741161 0.059920 0.000000 -0.584380 0.473953 0.658686 0.000000 -0.217409 0.064716 0.171159 1.000000 
1305031793.5072 0.444311 -0.497102 0.745303 0.000000 0.675924 0.732019 0.085291 0.000000 -0.587975 0.465873 0.661248 0.000000 -0.223385 0.057167 0.163252 1.000000 
1305031793.5454 0.429192 -0.516264 0.741125 0.000000 0.682857 0.722544 0.107873 0.000000 -0.591186 0.459784 0.662644 0.000000 -0.225988 0.047823 0.153954 1.000000 
1305031793.5771 0.414076 -0.537840 0.734350 0.000000 0.690453 0.711300 0.131633 0.000000 -0.593140 0.452528 0.665885 0.000000 -0.229094 0.039822 0.142777 1.000000 
1305031793.6097 0.393653 -0.563093 0.726611 0.000000 0.702475 0.694102 0.157323 0.000000 -0.592930 0.448496 0.668794 0.000000 -0.231561 0.034542 0.132211 1.000000 
1305031793.6454 0.372139 -0.587979 0.718187 0.000000 0.714228 0.675567 0.182999 0.000000 -0.592783 0.444848 0.671356 0.000000 -0.229107 0.029542 0.121172 1.000000 
1305031793.6774 0.356145 -0.610372 0.707535 0.000000 0.721919 0.660480 0.206393 0.000000 -0.593290 0.437278 0.675866 0.000000 -0.231002 0.023917 0.109876 1.000000 
1305031793.7095 0.337094 -0.634248 0.695771 0.000000 0.730775 0.642211 0.231371 0.000000 -0.593579 0.430458 0.679978 0.000000 -0.230482 0.019796 0.098864 1.000000 
1305031793.7455 0.318746 -0.657692 0.682527 0.000000 0.740336 0.622400 0.254010 0.000000 -0.591865 0.424334 0.685300 0.000000 -0.231999 0.017190 0.088463 1.000000 
1305031793.7773 0.302325 -0.679498 0.668493 0.000000 0.747558 0.604137 0.276000 0.000000 -0.591403 0.416295 0.690609 0.000000 -0.232191 0.014278 0.076981 1.000000 
1305031793.8094 0.284284 -0.701427 0.653592 0.000000 0.753409 0.585045 0.300162 0.000000 -0.592922 0.407091 0.694780 0.000000 -0.230249 0.010901 0.068342 1.000000 
1305031793.8447 0.267562 -0.720731 0.639497 0.000000 0.758772 0.566664 0.321180 0.000000 -0.593865 0.399297 0.698489 0.000000 -0.229499 0.009608 0.060788 1.000000 
1305031793.8764 0.252410 -0.735635 0.628594 0.000000 0.762917 0.550888 0.338349 0.000000 -0.595187 0.394163 0.700278 0.000000 -0.230713 0.007705 0.053235 1.000000 
1305031793.9087 0.234143 -0.749500 0.619214 0.000000 0.767692 0.533330 0.355258 0.000000 -0.596512 0.392185 0.700261 0.000000 -0.231112 0.007021 0.046349 1.000000 
1305031793.9464 0.219447 -0.761705 0.609630 0.000000 0.771720 0.517822 0.369200 0.000000 -0.596901 0.389444 0.701457 0.000000 -0.231358 0.008127 0.038833 1.000000 
1305031793.9767 0.208132 -0.773240 0.598983 0.000000 0.774870 0.504056 0.381449 0.000000 -0.596873 0.384743 0.704071 0.000000 -0.230741 0.008952 0.033425 1.000000 
1305031794.0091 0.193184 -0.783586 0.590485 0.000000 0.778917 0.488440 0.393339 0.000000 -0.596631 0.383952 0.704707 0.000000 -0.230236 0.008831 0.030191 1.000000 
1305031794.0447 0.180322 -0.790989 0.584653 0.000000 0.781228 0.476326 0.403480 0.000000 -0.597634 0.383992 0.703835 0.000000 -0.229727 0.011617 0.026303 1.000000 
1305031794.0764 0.167954 -0.795691 0.581951 0.000000 0.783561 0.465973 0.410977 0.000000 -0.598184 0.386969 0.701734 0.000000 -0.229083 0.014278 0.023860 1.000000 
1305031794.1124 0.266740 -0.818508 0.508816 0.000000 0.756936 0.504717 0.415101 0.000000 -0.596572 0.274417 0.754187 0.000000 -0.232191 0.014278 0.076982 1.000000 
1305031794.1455 0.298901 -0.789885 0.535481 0.000000 0.750538 0.541140 0.379288 0.000000 -0.589364 0.288529 0.754587 0.000000 -0.257020 -0.012898 0.056167 1.000000 
1305031794.1777 0.291722 -0.785837 0.545307 0.000000 0.751188 0.541150 0.377986 0.000000 -0.592128 0.299361 0.748176 0.000000 -0.256494 -0.018603 0.057278 1.000000 
1305031794.2138 0.289967 -0.780420 0.553953 0.000000 0.750135 0.544784 0.374844 0.000000 -0.594321 0.306847 0.743389 0.000000 -0.255545 -0.016983 0.061155 1.000000 
1305031794.2455 0.279852 -0.774317 0.567554 0.000000 0.751259 0.544702 0.372706 0.000000 -0.597740 0.322078 0.734148 0.000000 -0.253267 -0.011292 0.066455 1.000000 
1305031794.2773 0.266266 -0.764349 0.587259 0.000000 0.753515 0.544993 0.367692 0.000000 -0.601097 0.344605 0.721062 0.000000 -0.248983 -0.005849 0.073743 1.000000 
1305031794.3137 0.260278 -0.750071 0.607987 0.000000 0.752971 0.551847 0.358467 0.000000 -0.604392 0.364496 0.708416 0.000000 -0.244383 0.002838 0.079450 1.000000 
1305031794.3453 0.254030 -0.734915 0.628783 0.000000 0.752415 0.558652 0.348969 0.000000 -0.607734 0.384457 0.694876 0.000000 -0.235687 0.011473 0.087611 1.000000 
1305031794.3776 0.245932 -0.716435 0.652869 0.000000 0.753368 0.565090 0.336319 0.000000 -0.609881 0.409139 0.678713 0.000000 -0.227325 0.019481 0.099109 1.000000 
1305031794.4141 0.235139 -0.691640 0.682894 0.000000 0.753820 0.573294 0.321075 0.000000 -0.613567 0.439282 0.656176 0.000000 -0.219597 0.018974 0.109652 1.000000 
1305031794.4454 0.203585 -0.675034 0.709142 0.000000 0.759364 0.566065 0.320836 0.000000 -0.617996 0.473180 0.627839 0.000000 -0.177903 0.011081 0.123649 1.000000 
1305031794.4777 0.183935 -0.658556 0.729707 0.000000 0.765042 0.562026 0.314383 0.000000 -0.617153 0.500431 0.607199 0.000000 -0.156365 0.018677 0.136711 1.000000 
1305031794.5136 0.169955 -0.635848 0.752869 0.000000 0.772175 0.560589 0.299142 0.000000 -0.612259 0.530506 0.586261 0.000000 -0.141922 0.028241 0.146253 1.000000 
1305031794.5456 0.164738 -0.613069 0.772663 0.000000 0.775777 0.564312 0.282351 0.000000 -0.609123 0.552900 0.568568 0.000000 -0.137601 0.037934 0.153908 1.000000 
1305031794.5773 0.151506 -0.590968 0.792340 0.000000 0.775678 0.567933 0.275274 0.000000 -0.612674 0.572895 0.544447 0.000000 -0.120876 0.051838 0.159220 1.000000 
1305031794.6136 0.141322 -0.565840 0.812314 0.000000 0.775945 0.572873 0.264057 0.000000 -0.614766 0.592994 0.520020 0.000000 -0.120822 0.067269 0.166065 1.000000 
1305031794.6455 0.128034 -0.534081 0.835682 0.000000 0.774459 0.580202 0.252151 0.000000 -0.619533 0.614917 0.487909 0.000000 -0.121816 0.078412 0.171187 1.000000 
1305031794.6775 0.114998 -0.502435 0.856933 0.000000 0.769860 0.590242 0.242756 0.000000 -0.627767 0.631802 0.454681 0.000000 -0.129850 0.093844 0.176019 1.000000 
1305031794.7135 0.100457 -0.466557 0.878768 0.000000 0.763430 0.602543 0.232631 0.000000 -0.638031 0.647508 0.416714 0.000000 -0.142569 0.105161 0.179785 1.000000 
1305031794.7453 0.079411 -0.429483 0.899577 0.000000 0.758138 0.611958 0.225240 0.000000 -0.647240 0.664117 0.374204 0.000000 -0.157637 0.121942 0.184717 1.000000 
1305031794.7768 0.050975 -0.382834 0.922410 0.000000 0.752018 0.622472 0.216790 0.000000 -0.657169 0.682618 0.319628 0.000000 -0.174525 0.140490 0.186976 1.000000 
1305031794.8134 0.021024 -0.332894 0.942730 0.000000 0.744075 0.635011 0.207640 0.000000 -0.667766 0.697096 0.261048 0.000000 -0.192485 0.158706 0.187150 1.000000 
1305031794.8460 -0.007026 -0.281614 0.959502 0.000000 0.735846 0.648267 0.195655 0.000000 -0.677113 0.707420 0.202670 0.000000 -0.210838 0.174980 0.186124 1.000000 
1305031794.8737 -0.035970 -0.229049 0.972750 0.000000 0.728026 0.660806 0.182518 0.000000 -0.684605 0.714753 0.142984 0.000000 -0.223109 0.189387 0.183325 1.000000 
1305031794.9101 -0.062380 -0.175977 0.982416 0.000000 0.723200 0.670390 0.166005 0.000000 -0.687815 0.720839 0.085448 0.000000 -0.235551 0.205473 0.180139 1.000000 
1305031794.9455 -0.086171 -0.127614 0.988074 0.000000 0.719572 0.677954 0.150315 0.000000 -0.689051 0.723943 0.033407 0.000000 -0.245370 0.223131 0.176665 1.000000 
1305031794.9772 -0.105218 -0.085907 0.990732 0.000000 0.716656 0.684151 0.135434 0.000000 -0.689444 0.724264 -0.010419 0.000000 -0.259927 0.239048 0.174499 1.000000 
1305031795.0135 -0.122227 -0.050359 0.991224 0.000000 0.717152 0.685927 0.123280 0.000000 -0.686115 0.725926 -0.047724 0.000000 -0.274033 0.257999 0.173332 1.000000 
1305031795.0456 -0.136584 -0.022551 0.990372 0.000000 0.718808 0.685674 0.114745 0.000000 -0.681660 0.727560 -0.077442 0.000000 -0.286042 0.273769 0.171607 1.000000 
1305031795.0772 -0.150587 -0.004854 0.988585 0.000000 0.719004 0.685776 0.112890 0.000000 -0.678496 0.727796 -0.099779 0.000000 -0.294067 0.282739 0.170300 1.000000 
1305031795.1132 -0.164940 0.019795 0.986105 0.000000 0.719087 0.686712 0.106493 0.000000 -0.675062 0.726660 -0.127501 0.000000 -0.304669 0.291560 0.165568 1.000000 
1305031795.1451 -0.182329 0.059512 0.981435 0.000000 0.721622 0.686085 0.092459 0.000000 -0.667846 0.725083 -0.168038 0.000000 -0.309027 0.309534 0.158457 1.000000 
1305031795.1775 -0.199038 0.100084 0.974868 0.000000 0.724619 0.684762 0.077644 0.000000 -0.659781 0.721862 -0.208816 0.000000 -0.314735 0.324384 0.151718 1.000000 
1305031795.2135 -0.214893 0.133562 0.967462 0.000000 0.729414 0.680680 0.068048 0.000000 -0.649443 0.720303 -0.243695 0.000000 -0.320919 0.339369 0.145276 1.000000 
1305031795.2454 -0.226552 0.162310 0.960380 0.000000 0.736544 0.673733 0.059885 0.000000 -0.637320 0.720930 -0.272184 0.000000 -0.324344 0.349589 0.139505 1.000000 
1305031795.2775 -0.236075 0.188499 0.953277 0.000000 0.740898 0.669674 0.051061 0.000000 -0.628760 0.718335 -0.297752 0.000000 -0.326603 0.360406 0.134387 1.000000 
1305031795.3128 -0.248740 0.212965 0.944867 0.000000 0.742706 0.668108 0.044934 0.000000 -0.621704 0.712936 -0.324356 0.000000 -0.328649 0.365243 0.127767 1.000000 
1305031795.3454 -0.264844 0.237859 0.934495 0.000000 0.741802 0.669435 0.039840 0.000000 -0.616107 0.703761 -0.353740 0.000000 -0.331533 0.366127 0.119225 1.000000 
1305031795.3810 -0.285217 0.261400 0.922128 0.000000 0.736275 0.675715 0.036184 0.000000 -0.613637 0.689260 -0.385188 0.000000 -0.338832 0.376158 0.107538 1.000000 
1305031795.4132 -0.312595 0.283608 0.906560 0.000000 0.729859 0.682532 0.038143 0.000000 -0.607939 0.673585 -0.420350 0.000000 -0.346506 0.376621 0.094189 1.000000 
1305031795.4449 -0.338682 0.302749 0.890863 0.000000 0.729349 0.682641 0.045291 0.000000 -0.594428 0.665089 -0.452008 0.000000 -0.354575 0.388885 0.080934 1.000000 
1305031795.4808 -0.359669 0.319794 0.876567 0.000000 0.732002 0.679273 0.052536 0.000000 -0.578628 0.660545 -0.478403 0.000000 -0.361489 0.397541 0.068717 1.000000 
1305031795.5090 -0.379321 0.334956 0.862508 0.000000 0.732323 0.678431 0.058597 0.000000 -0.565525 0.653862 -0.502639 0.000000 -0.369048 0.404034 0.056704 1.000000 
1305031795.5438 -0.396612 0.350294 0.848524 0.000000 0.733693 0.676493 0.063663 0.000000 -0.551719 0.647805 -0.525314 0.000000 -0.373910 0.410755 0.045564 1.000000 
1305031795.5805 -0.412042 0.361714 0.836292 0.000000 0.731333 0.678746 0.066757 0.000000 -0.543483 0.639114 -0.544205 0.000000 -0.382044 0.415206 0.035256 1.000000 
1305031795.6126 -0.428151 0.369874 0.824549 0.000000 0.725409 0.684802 0.069485 0.000000 -0.538951 0.627885 -0.561508 0.000000 -0.390434 0.416564 0.025129 1.000000 
1305031795.6444 -0.445528 0.379646 0.810786 0.000000 0.719063 0.691263 0.071446 0.000000 -0.533342 0.614837 -0.580966 0.000000 -0.397161 0.413394 0.013521 1.000000 
1305031795.6804 -0.461602 0.393633 0.794969 0.000000 0.715703 0.694727 0.071578 0.000000 -0.524112 0.602002 -0.602412 0.000000 -0.400924 0.412407 0.000313 1.000000 
1305031795.7131 -0.474451 0.404392 0.781897 0.000000 0.713861 0.696477 0.072955 0.000000 -0.515071 0.592780 -0.619124 0.000000 -0.403164 0.415668 -0.011658 1.000000 
1305031795.7453 -0.487658 0.401866 0.775044 0.000000 0.709838 0.699336 0.084019 0.000000 -0.508252 0.591128 -0.626296 0.000000 -0.404396 0.416738 -0.020079 1.000000 
1305031795.7811 -0.505625 0.389196 0.769980 0.000000 0.701034 0.705544 0.103725 0.000000 -0.502886 0.592229 -0.629580 0.000000 -0.407245 0.411213 -0.026765 1.000000 
1305031795.8127 -0.524137 0.376198 0.764039 0.000000 0.694605 0.707924 0.127937 0.000000 -0.492752 0.597762 -0.632359 0.000000 -0.409889 0.403763 -0.033630 1.000000 
1305031795.8445 -0.537834 0.364436 0.760212 0.000000 0.693390 0.704130 0.153008 0.000000 -0.479526 0.609416 -0.631401 0.000000 -0.409616 0.401420 -0.039627 1.000000 
1305031795.8805 -0.546736 0.344637 0.763089 0.000000 0.694110 0.696257 0.182860 0.000000 -0.468286 0.629644 -0.619884 0.000000 -0.408311 0.399901 -0.041441 1.000000 
1305031795.9091 -0.552107 0.327054 0.766951 0.000000 0.698000 0.684427 0.210608 0.000000 -0.456042 0.651610 -0.606160 0.000000 -0.405189 0.388832 -0.042056 1.000000 
1305031795.9443 -0.556743 0.310275 0.770563 0.000000 0.701694 0.672137 0.236341 0.000000 -0.444594 0.672280 -0.591926 0.000000 -0.399942 0.378352 -0.044170 1.000000 
1305031795.9808 -0.563629 0.287374 0.774428 0.000000 0.701094 0.662185 0.264534 0.000000 -0.436794 0.692046 -0.574703 0.000000 -0.398958 0.366903 -0.046559 1.000000 
1305031796.0126 -0.573602 0.258031 0.777432 0.000000 0.697100 0.652166 0.297876 0.000000 -0.430154 0.712810 -0.553958 0.000000 -0.400495 0.358824 -0.049332 1.000000 
1305031796.0450 -0.582085 0.236877 0.777860 0.000000 0.697251 0.637587 0.327604 0.000000 -0.418351 0.733057 -0.536293 0.000000 -0.399654 0.340939 -0.054731 1.000000 
1305031796.0812 -0.589762 0.214085 0.778684 0.000000 0.696069 0.623654 0.355729 0.000000 -0.409473 0.751813 -0.516825 0.000000 -0.398139 0.313089 -0.060018 1.000000 
1305031796.1137 -0.597011 0.186274 0.780307 0.000000 0.693664 0.608479 0.385466 0.000000 -0.402998 0.771399 -0.492480 0.000000 -0.395138 0.286753 -0.065428 1.000000 
1305031796.1455 -0.603627 0.160961 0.780850 0.000000 0.693688 0.588790 0.414876 0.000000 -0.392978 0.792097 -0.467067 0.000000 -0.390892 0.280353 -0.070905 1.000000 
1305031796.1791 -0.612272 0.140167 0.778124 0.000000 0.692670 0.569623 0.442423 0.000000 -0.381224 0.809866 -0.445853 0.000000 -0.384724 0.276020 -0.077589 1.000000 
1305031796.2122 -0.621242 0.122166 0.774037 0.000000 0.692160 0.548647 0.468935 0.000000 -0.367385 0.827080 -0.425401 0.000000 -0.380885 0.270900 -0.083185 1.000000 
1305031796.2444 -0.633968 0.101217 0.766707 0.000000 0.684876 0.533962 0.495813 0.000000 -0.359208 0.839428 -0.407835 0.000000 -0.376217 0.264069 -0.089970 1.000000 
1305031796.2804 -0.647063 0.088623 0.757269 0.000000 0.679725 0.516969 0.520304 0.000000 -0.345374 0.851404 -0.394751 0.000000 -0.372124 0.260004 -0.096727 1.000000 
1305031796.3123 -0.658078 0.075967 0.749108 0.000000 0.677136 0.494789 0.544675 0.000000 -0.329273 0.865686 -0.377050 0.000000 -0.367782 0.258837 -0.101119 1.000000 
1305031796.3422 -0.667795 0.056189 0.742222 0.000000 0.672463 0.473059 0.569218 0.000000 -0.319131 0.879237 -0.353691 0.000000 -0.364712 0.257155 -0.103442 1.000000 
1305031796.3801 -0.675710 0.041043 0.736024 0.000000 0.669774 0.451250 0.589726 0.000000 -0.307926 0.891453 -0.332404 0.000000 -0.362737 0.257281 -0.104143 1.000000 
1305031796.4118 -0.683707 0.025427 0.729313 0.000000 0.666062 0.430084 0.609417 0.000000 -0.298170 0.902431 -0.310987 0.000000 -0.361344 0.253980 -0.105280 1.000000 
1305031796.4442 -0.690966 0.006919 0.722854 0.000000 0.663098 0.404265 0.629977 0.000000 -0.287866 0.914616 -0.283921 0.000000 -0.360423 0.252008 -0.104647 1.000000 
1305031796.4811 -0.696589 -0.009798 0.717403 0.000000 0.660486 0.381770 0.646537 0.000000 -0.280218 0.924205 -0.259466 0.000000 -0.360281 0.252015 -0.102432 1.000000 
1305031796.5128 -0.702694 -0.025760 0.711026 0.000000 0.655685 0.364528 0.661209 0.000000 -0.276221 0.930836 -0.239261 0.000000 -0.361112 0.248651 -0.101952 1.000000 
1305031796.5446 -0.710073 -0.044422 0.702725 0.000000 0.649990 0.342410 0.678431 0.000000 -0.270757 0.938500 -0.214263 0.000000 -0.362892 0.244984 -0.102084 1.000000 
1305031796.5811 -0.717088 -0.060782 0.694328 0.000000 0.645048 0.319464 0.694158 0.000000 -0.264005 0.945647 -0.189877 0.000000 -0.363486 0.242339 -0.100632 1.000000 
1305031796.6131 -0.722494 -0.074056 0.687399 0.000000 0.642664 0.294657 0.707220 0.000000 -0.254921 0.952729 -0.165295 0.000000 -0.362642 0.239075 -0.100159 1.000000 
1305031796.6490 -0.725491 -0.092295 0.682014 0.000000 0.641800 0.267089 0.718858 0.000000 -0.248505 0.959242 -0.134536 0.000000 -0.361941 0.235169 -0.098469 1.000000 
1305031796.6794 -0.727475 -0.112579 0.676836 0.000000 0.641155 0.239746 0.729001 0.000000 -0.244338 0.964286 -0.102229 0.000000 -0.361011 0.231886 -0.096055 1.000000 
1305031796.7128 -0.729218 -0.129429 0.671929 0.000000 0.641058 0.214242 0.736984 0.000000 -0.239342 0.968167 -0.073258 0.000000 -0.361678 0.228945 -0.094382 1.000000 
1305031796.7494 -0.731971 -0.143592 0.666033 0.000000 0.639989 0.190450 0.744408 0.000000 -0.233737 0.971139 -0.047506 0.000000 -0.364114 0.224930 -0.093207 1.000000 
1305031796.7814 -0.731666 -0.161563 0.662240 0.000000 0.639417 0.174026 0.748906 0.000000 -0.236242 0.971397 -0.024023 0.000000 -0.373778 0.213635 -0.093437 1.000000 
1305031796.8135 -0.735364 -0.174759 0.654751 0.000000 0.638632 0.144486 0.755826 0.000000 -0.226690 0.973952 0.005357 0.000000 -0.374275 0.212438 -0.092561 1.000000 
1305031796.8496 -0.737877 -0.184666 0.649181 0.000000 0.639319 0.117090 0.759975 0.000000 -0.216355 0.975801 0.031662 0.000000 -0.376231 0.212281 -0.091151 1.000000 
1305031796.8776 -0.736784 -0.196327 0.646997 0.000000 0.641443 0.099587 0.760679 0.000000 -0.213774 0.975468 0.052559 0.000000 -0.383304 0.202852 -0.090807 1.000000 
1305031796.9133 -0.738162 -0.209100 0.641400 0.000000 0.643017 0.069526 0.762689 0.000000 -0.204072 0.975420 0.083134 0.000000 -0.384168 0.199596 -0.088025 1.000000 
1305031796.9496 -0.738991 -0.221774 0.636167 0.000000 0.644806 0.040818 0.763256 0.000000 -0.195237 0.974243 0.112837 0.000000 -0.386711 0.198997 -0.084734 1.000000 
1305031796.9809 -0.739487 -0.232218 0.631850 0.000000 0.646485 0.016680 0.762745 0.000000 -0.187662 0.972521 0.137791 0.000000 -0.389335 0.197119 -0.082847 1.000000 
1305031797.0135 -0.740767 -0.244199 0.625804 0.000000 0.646663 -0.006954 0.762744 0.000000 -0.181909 0.969700 0.163066 0.000000 -0.393320 0.195189 -0.081391 1.000000 
1305031797.0493 -0.743444 -0.256053 0.617841 0.000000 0.644482 -0.027443 0.764127 0.000000 -0.178702 0.966273 0.185424 0.000000 -0.396802 0.193576 -0.080947 1.000000 
1305031797.0814 -0.747554 -0.267436 0.607981 0.000000 0.640302 -0.046834 0.766694 0.000000 -0.176568 0.962437 0.206251 0.000000 -0.397659 0.193080 -0.082488 1.000000 
1305031797.1122 -0.752393 -0.276698 0.597781 0.000000 0.635621 -0.066783 0.769107 0.000000 -0.172889 0.958633 0.226122 0.000000 -0.397899 0.192992 -0.084011 1.000000 
1305031797.1495 -0.757929 -0.282604 0.587945 0.000000 0.631121 -0.089678 0.770483 0.000000 -0.165016 0.955036 0.246327 0.000000 -0.398551 0.193946 -0.084245 1.000000 
1305031797.1814 -0.763475 -0.284534 0.579782 0.000000 0.627737 -0.115886 0.769751 0.000000 -0.151832 0.951636 0.267088 0.000000 -0.400303 0.196826 -0.083077 1.000000 
1305031797.2137 -0.767826 -0.286058 0.573248 0.000000 0.625685 -0.142513 0.766947 0.000000 -0.137696 0.947555 0.288408 0.000000 -0.402139 0.201173 -0.080954 1.000000 
1305031797.2497 -0.769569 -0.289873 0.568980 0.000000 0.626331 -0.169074 0.761002 0.000000 -0.124394 0.942013 0.311670 0.000000 -0.405425 0.205153 -0.076746 1.000000 
1305031797.2812 -0.765801 -0.302030 0.567738 0.000000 0.632619 -0.195245 0.749448 0.000000 -0.115507 0.933090 0.340589 0.000000 -0.420224 0.213487 -0.068327 1.000000 
1305031797.3135 -0.769169 -0.300819 0.563815 0.000000 0.630966 -0.217647 0.744655 0.000000 -0.101293 0.928514 0.357214 0.000000 -0.420911 0.216959 -0.064943 1.000000 
1305031797.3496 -0.770737 -0.304864 0.559484 0.000000 0.630101 -0.234407 0.740288 0.000000 -0.094540 0.923099 0.372761 0.000000 -0.423736 0.218313 -0.062147 1.000000 
1305031797.3817 -0.773332 -0.308030 0.554144 0.000000 0.627837 -0.250482 0.736939 0.000000 -0.088196 0.917811 0.387099 0.000000 -0.427773 0.219960 -0.059424 1.000000 
1305031797.4134 -0.776562 -0.308535 0.549324 0.000000 0.624977 -0.266922 0.733591 0.000000 -0.079712 0.912994 0.400109 0.000000 -0.431924 0.223592 -0.056566 1.000000 
1305031797.4494 -0.778465 -0.308780 0.546485 0.000000 0.623447 -0.279339 0.730263 0.000000 -0.072836 0.909189 0.409964 0.000000 -0.436221 0.227350 -0.053494 1.000000 
1305031797.4812 -0.780047 -0.306875 0.545303 0.000000 0.622316 -0.289686 0.727190 0.000000 -0.065190 0.906592 0.416942 0.000000 -0.440192 0.231548 -0.050402 1.000000 
1305031797.5118 -0.781977 -0.302357 0.545063 0.000000 0.620743 -0.298518 0.724959 0.000000 -0.056485 0.905245 0.421119 0.000000 -0.443676 0.236408 -0.047778 1.000000 
1305031797.5495 -0.782378 -0.299644 0.545983 0.000000 0.620742 -0.303900 0.722720 0.000000 -0.050635 0.904355 0.423766 0.000000 -0.447110 0.242061 -0.043934 1.000000 
1305031797.5774 -0.781559 -0.292170 0.551182 0.000000 0.622059 -0.298447 0.723859 0.000000 -0.046991 0.908607 0.415001 0.000000 -0.451549 0.246622 -0.040642 1.000000 
1305031797.6134 -0.781908 -0.279088 0.557431 0.000000 0.621850 -0.286285 0.728934 0.000000 -0.043853 0.916597 0.397399 0.000000 -0.455817 0.251246 -0.039999 1.000000 
1305031797.6494 -0.784015 -0.262237 0.562629 0.000000 0.619409 -0.271138 0.736761 0.000000 -0.040657 0.926130 0.375008 0.000000 -0.459659 0.257441 -0.040566 1.000000 
1305031797.6814 -0.784305 -0.245553 0.569710 0.000000 0.619006 -0.248748 0.744954 0.000000 -0.041211 0.936925 0.347093 0.000000 -0.464251 0.262498 -0.040697 1.000000 
1305031797.7114 -0.784786 -0.230776 0.575199 0.000000 0.617943 -0.220211 0.754754 0.000000 -0.047514 0.947760 0.315425 0.000000 -0.469356 0.264955 -0.043198 1.000000 
1305031797.7493 -0.786699 -0.218442 0.577397 0.000000 0.614786 -0.192283 0.764896 0.000000 -0.056062 0.956718 0.285565 0.000000 -0.474781 0.267488 -0.045394 1.000000 
1305031797.7813 -0.791239 -0.203907 0.576510 0.000000 0.607304 -0.151669 0.779858 0.000000 -0.071580 0.967170 0.243840 0.000000 -0.488494 0.264022 -0.054505 1.000000 
1305031797.8158 -0.795176 -0.196386 0.573697 0.000000 0.600704 -0.125991 0.789482 0.000000 -0.082762 0.972399 0.218154 0.000000 -0.493527 0.265988 -0.056772 1.000000 
1305031797.8493 -0.800928 -0.181671 0.570534 0.000000 0.592258 -0.100332 0.799477 0.000000 -0.087999 0.978227 0.187955 0.000000 -0.506936 0.276849 -0.062771 1.000000 
1305031797.8775 -0.806336 -0.163787 0.568328 0.000000 0.584420 -0.072842 0.808175 0.000000 -0.090971 0.983803 0.154455 0.000000 -0.510791 0.283672 -0.066923 1.000000 
1305031797.9171 -0.815984 -0.137015 0.561603 0.000000 0.571751 -0.047975 0.819024 0.000000 -0.085276 0.989406 0.117485 0.000000 -0.516422 0.298533 -0.078532 1.000000 
1305031797.9498 -0.826436 -0.108590 0.552460 0.000000 0.557159 -0.016388 0.830244 0.000000 -0.081103 0.993952 0.074046 0.000000 -0.517087 0.308754 -0.094253 1.000000 
1305031797.9819 -0.834766 -0.080837 0.544638 0.000000 0.544623 0.024190 0.838332 0.000000 -0.080943 0.996434 0.023833 0.000000 -0.519738 0.312152 -0.109725 1.000000 
1305031798.0152 -0.843230 -0.052097 0.535023 0.000000 0.531922 0.062826 0.844460 0.000000 -0.077607 0.996664 -0.025266 0.000000 -0.521791 0.315150 -0.124359 1.000000 
1305031798.0494 -0.851801 -0.024078 0.523312 0.000000 0.519019 0.096774 0.849267 0.000000 -0.071092 0.995015 -0.069935 0.000000 -0.523643 0.321201 -0.139384 1.000000 
1305031798.0814 -0.858144 -0.004491 0.513390 0.000000 0.508515 0.130306 0.851136 0.000000 -0.070720 0.991464 -0.109537 0.000000 -0.534118 0.325915 -0.149606 1.000000 
1305031798.1148 -0.867502 0.017095 0.497140 0.000000 0.493020 0.162385 0.854729 0.000000 -0.066117 0.986579 -0.149297 0.000000 -0.537848 0.327319 -0.153044 1.000000 
1305031798.1490 -0.876465 0.041741 0.479653 0.000000 0.478059 0.193760 0.856690 0.000000 -0.057178 0.980161 -0.189779 0.000000 -0.550718 0.316612 -0.145774 1.000000 
1305031798.1808 -0.885451 0.068026 0.459728 0.000000 0.462806 0.219079 0.858962 0.000000 -0.042285 0.973333 -0.225466 0.000000 -0.545000 0.317208 -0.151799 1.000000 
1305031798.2169 -0.892741 0.088298 0.441834 0.000000 0.449540 0.240845 0.860179 0.000000 -0.030461 0.966539 -0.254706 0.000000 -0.537374 0.321029 -0.159919 1.000000 
1305031798.2498 -0.901405 0.105138 0.420017 0.000000 0.432462 0.265912 0.861549 0.000000 -0.021106 0.958247 -0.285163 0.000000 -0.531068 0.323963 -0.168637 1.000000 
1305031798.2772 -0.910064 0.125242 0.395091 0.000000 0.414394 0.292784 0.861716 0.000000 -0.007753 0.947941 -0.318351 0.000000 -0.524444 0.326547 -0.182214 1.000000 
1305031798.3170 -0.918042 0.143969 0.369421 0.000000 0.396441 0.319661 0.860611 0.000000 0.005812 0.936531 -0.350538 0.000000 -0.516025 0.325258 -0.195306 1.000000 
1305031798.3493 -0.922864 0.163977 0.348472 0.000000 0.384672 0.348631 0.854683 0.000000 0.018660 0.922804 -0.384817 0.000000 -0.511398 0.321215 -0.209698 1.000000 
1305031798.3814 -0.927252 0.180718 0.327939 0.000000 0.373266 0.376921 0.847705 0.000000 0.029588 0.908445 -0.416957 0.000000 -0.505348 0.316430 -0.223341 1.000000 
1305031798.4172 -0.932455 0.191787 0.306179 0.000000 0.359234 0.401977 0.842238 0.000000 0.038454 0.895339 -0.443722 0.000000 -0.502197 0.316092 -0.236965 1.000000 
1305031798.4490 -0.937540 0.203462 0.282174 0.000000 0.344204 0.424970 0.837212 0.000000 0.050425 0.882045 -0.468458 0.000000 -0.495228 0.319591 -0.250607 1.000000 
1305031798.4815 -0.940658 0.223840 0.255065 0.000000 0.332241 0.454359 0.826543 0.000000 0.069122 0.862238 -0.501765 0.000000 -0.482205 0.308433 -0.268892 1.000000 
1305031798.5174 -0.943835 0.236466 0.230778 0.000000 0.320020 0.480395 0.816583 0.000000 0.082229 0.844574 -0.529088 0.000000 -0.473041 0.305245 -0.283328 1.000000 
1305031798.5487 -0.947815 0.245246 0.203720 0.000000 0.304296 0.505188 0.807582 0.000000 0.095140 0.827430 -0.553452 0.000000 -0.461930 0.298479 -0.298682 1.000000 
1305031798.5811 -0.950054 0.258070 0.175492 0.000000 0.290963 0.529088 0.797124 0.000000 0.112863 0.808372 -0.577751 0.000000 -0.450127 0.293579 -0.313341 1.000000 
1305031798.6169 -0.950261 0.273362 0.149254 0.000000 0.281868 0.550958 0.785491 0.000000 0.132491 0.788491 -0.600606 0.000000 -0.438708 0.293195 -0.325737 1.000000 
1305031798.6493 -0.950037 0.287119 0.122445 0.000000 0.272235 0.570266 0.775038 0.000000 0.152702 0.769649 -0.619938 0.000000 -0.426297 0.292817 -0.337866 1.000000 
1305031798.6811 -0.947571 0.304873 0.095715 0.000000 0.265592 0.584866 0.766415 0.000000 0.177679 0.751654 -0.635175 0.000000 -0.411589 0.296598 -0.350563 1.000000 
