1 0 0 0 0 1 0 0 0 0 1 0 0 0 0 0 
0.999998 -0.000337324 0.00173394 0 0.000336676 1 0.000374292 0 -0.00173406 -0.000373708 0.999998 0 0 0 0 0 
0.999988 -0.000491071 0.0049423 0 0.000486929 1 0.000839208 0 -0.0049427 -0.000836792 0.999987 0 0 0 0 0 
0.999981 -0.000717954 0.00615421 0 0.000713046 0.999999 0.000799702 0 -0.00615479 -0.000795298 0.999981 0 0 0 0 0 
0.999972 -0.000774952 0.00748814 0 0.000768048 0.999999 0.000924889 0 -0.00748886 -0.000919111 0.999972 0 0 0 0 0 
0.999959 -0.000848034 0.00900312 0 0.000839966 0.999999 0.0008998 0 -0.00900388 -0.0008922 0.999959 0 0 0 0 0 
0.999948 -0.00100069 0.010102 0 0.000991307 0.999999 0.000934031 0 -0.010103 -0.000923969 0.999949 0 0 0 0 0 
0.999937 -0.00119891 0.0111859 0 0.00118809 0.999999 0.000973676 0 -0.0111871 -0.000960324 0.999937 0 0 0 0 0 
0.999925 -0.00131836 0.0122079 0 0.00130664 0.999999 0.000968012 0 -0.0122091 -0.000951988 0.999925 0 0 0 0 0 
0.999918 -0.00140595 0.0127558 0 0.00139305 0.999999 0.00101993 0 -0.0127572 -0.00100207 0.999918 0 0 0 0 0 
0.999907 -0.00180823 0.0135219 0 0.00179177 0.999998 0.00122967 0 -0.0135241 -0.00120533 0.999908 0 0 0 0 0 
0.999899 -0.00213084 0.0140692 0 0.00211316 0.999997 0.00127193 0 -0.0140718 -0.00124207 0.9999 0 0 0 0 0 
0.999893 -0.00207005 0.0145051 0 0.00204995 0.999997 0.00140094 0 -0.0145079 -0.00137106 0.999894 0 0 0 0 0 
0.999878 -0.00207732 0.0154808 0 0.00205168 0.999996 0.00167198 0 -0.0154842 -0.00164002 0.999879 0 0 0 0 0 
0.999865 -0.00213601 0.0162979 0 0.00211099 0.999997 0.00155281 0 -0.0163011 -0.00151819 0.999866 0 0 0 0 0 
0.999855 -0.00206919 0.016918 0 0.00204381 0.999997 0.0015174 0 -0.016921 -0.0014826 0.999856 0 0 0 0 0 
0.999833 -0.00223505 0.0181131 0 0.00220395 0.999996 0.0017371 0 -0.0181169 -0.0016969 0.999834 0 0 0 0 0 
0.999806 -0.00227711 0.0195681 0 0.00224389 0.999996 0.00171912 0 -0.0195719 -0.00167488 0.999807 0 0 0 0 0 
0.999777 -0.00232631 0.0209659 0 0.00228869 0.999996 0.00181819 0 -0.0209701 -0.00176981 0.999779 0 0 0 0 0 
0.999746 -0.00241187 0.0224213 0 0.00237913 0.999996 0.00148686 0 -0.0224247 -0.00143314 0.999748 0 0 0 0 0 
0.999697 -0.00228486 0.0245149 0 0.00225014 0.999996 0.0014438 0 -0.0245181 -0.0013882 0.999698 0 0 0 0 0 
0.999646 -0.00217369 0.0265199 0 0.00213531 0.999997 0.00147558 0 -0.0265231 -0.00141842 0.999647 0 0 0 0 0 
0.999585 -0.00240018 0.0287228 0 0.00235982 0.999996 0.00143869 0 -0.0287262 -0.00137031 0.999586 0 0 0 0 0 
0.999516 -0.00252294 0.0310167 0 0.00247806 0.999996 0.00148529 0 -0.0310203 -0.00140771 0.999518 0 0 0 0 0 
0.99945 -0.00241109 0.0330598 0 0.00236491 0.999996 0.00143599 0 -0.0330632 -0.00135701 0.999452 0 0 0 0 0 
0.999378 -0.0027461 0.0351511 0 0.0026959 0.999995 0.00147534 0 -0.0351549 -0.00137966 0.999381 0 0 0 0 0 
0.999309 -0.00308023 0.037047 0 0.00303277 0.999995 0.00133714 0 -0.037051 -0.00122386 0.999313 0 0 0 0 0 
0.999258 -0.0032643 0.03837 0 0.0032167 0.999994 0.0013022 0 -0.038374 -0.0011778 0.999263 0 0 0 0 0 
0.999217 -0.00351121 0.0394169 0 0.00346379 0.999993 0.00127126 0 -0.0394211 -0.00113374 0.999222 0 0 0 0 0 
0.999175 -0.00391181 0.0404251 0 0.00387219 0.999992 0.0010582 0 -0.0404289 -0.000900797 0.999182 0 0 0 0 0 
0.999141 -0.00401225 0.041245 0 0.00397175 0.999992 0.00106386 0 -0.041249 -0.000899136 0.999148 0 0 0 0 0 
0.999094 -0.00439289 0.0423308 0 0.00435911 0.99999 0.000890166 0 -0.0423342 -0.000704834 0.999103 0 0 0 0 0 
0.999042 -0.00440109 0.0435408 0 0.00436691 0.99999 0.000879991 0 -0.0435442 -0.000689009 0.999051 0 0 0 0 0 
0.99899 -0.00461387 0.0446999 0 0.00458313 0.999989 0.000790332 0 -0.0447031 -0.000584668 0.999 0 0 0 0 0 
0.998937 -0.0044368 0.045877 0 0.0043962 0.99999 0.000985866 0 -0.045881 -0.000783134 0.998947 0 0 0 0 0 
0.998867 -0.00493381 0.0473349 0 0.00490219 0.999988 0.000783966 0 -0.0473381 -0.000551034 0.998879 0 0 0 0 0 
0.998805 -0.00513657 0.0486033 0 0.00509443 0.999987 0.000990895 0 -0.0486077 -0.000742105 0.998818 0 0 0 0 0 
0.998746 -0.00498488 0.0498108 0 0.00495112 0.999987 0.000801312 0 -0.0498142 -0.000553688 0.998758 0 0 0 0 0 
0.998681 -0.004909 0.0511071 0 0.00488 0.999988 0.000692158 0 -0.0511099 -0.000441842 0.998693 0 0 0 0 0 
0.998593 -0.00500274 0.0527946 0 0.00497326 0.999987 0.000689766 0 -0.0527974 -0.000426234 0.998605 0 0 0 0 0 
0.998495 -0.00537078 0.0545758 0 0.00534722 0.999986 0.000577849 0 -0.0545782 -0.000285151 0.998509 0 0 0 0 0 
0.998441 -0.00535981 0.0555627 0 0.00535419 0.999986 0.000249942 0 -0.0555633 4.79416e-005 0.998455 0 0 0 0 0 
0.998359 -0.00552827 0.0569927 0 0.00552173 0.999985 0.000272072 0 -0.0569933 4.30724e-005 0.998375 0 0 0 0 0 
0.998284 -0.00565394 0.0582888 0 0.00564906 0.999984 0.000248352 0 -0.0582892 8.13516e-005 0.9983 0 0 0 0 0 
0.998202 -0.0056744 0.0596637 0 0.0056776 0.999984 0.000115977 0 -0.0596633 0.000222977 0.998219 0 0 0 0 0 
0.99813 -0.00600294 0.060826 0 0.00601406 0.999982 4.06026e-007 0 -0.060825 0.000365406 0.998148 0 0 0 0 0 
0.998054 -0.00597914 0.0620703 0 0.00598486 0.999982 9.38322e-005 0 -0.0620697 0.000277832 0.998072 0 0 0 0 0 
0.997977 -0.00605905 0.0632791 0 0.00607095 0.999982 4.0863e-006 0 -0.0632779 0.000380086 0.997996 0 0 0 0 0 
0.997898 -0.00615595 0.0645181 0 0.00619905 0.999981 -0.000468016 0 -0.0645139 0.000866984 0.997916 0 0 0 0 0 
0.997834 -0.00626012 0.0654798 0 0.00629788 0.99998 -0.000370209 0 -0.0654762 0.000781791 0.997854 0 0 0 0 0 
0.997765 -0.00643496 0.0665048 0 0.00645204 0.999979 -4.2001e-005 0 -0.0665032 0.000470999 0.997786 0 0 0 0 0 
0.997665 -0.0064849 0.0679949 0 0.0065141 0.999979 -0.00020778 0 -0.0679921 0.00065022 0.997686 0 0 0 0 0 
0.997561 -0.00647367 0.069506 0 0.00652733 0.999979 -0.00054482 0 -0.069501 0.00099718 0.997581 0 0 0 0 0 
0.997452 -0.0067338 0.0710219 0 0.0067952 0.999977 -0.00062299 0 -0.0710161 0.00110401 0.997475 0 0 0 0 0 
0.997329 -0.00682774 0.0727182 0 0.00687526 0.999976 -0.00040306 0 -0.0727138 0.00090194 0.997352 0 0 0 0 0 
0.997193 -0.00678473 0.0745698 0 0.00682327 0.999977 -0.000261963 0 -0.0745662 0.000770037 0.997216 0 0 0 0 0 
0.997049 -0.00710098 0.0764409 0 0.00713202 0.999975 -0.000133107 0 -0.0764381 0.000677893 0.997074 0 0 0 0 0 
0.996904 -0.00686306 0.078333 0 0.00690794 0.999976 -0.000301908 0 -0.078329 0.000842092 0.996927 0 0 0 0 0 
0.996763 -0.00735527 0.0800529 0 0.00739573 0.999973 -0.000208813 0 -0.0800491 0.000800187 0.996791 0 0 0 0 0 
0.996661 -0.00760804 0.081296 0 0.00765096 0.999971 -0.000216365 0 -0.081292 0.000837635 0.99669 0 0 0 0 0 
0.99654 -0.00755548 0.0827718 0 0.00760552 0.999971 -0.000289239 0 -0.0827672 0.000917761 0.996568 0 0 0 0 0 
0.996412 -0.0076062 0.0842929 0 0.0076488 0.999971 -0.000182457 0 -0.0842891 0.000826543 0.996441 0 0 0 0 0 
0.996275 -0.00740716 0.0859106 0 0.00745584 0.999972 -0.00024569 0 -0.0859064 0.00088531 0.996303 0 0 0 0 0 
0.996117 -0.00757805 0.0877158 0 0.00764295 0.999971 -0.000404081 0 -0.0877102 0.00107292 0.996145 0 0 0 0 0 
0.995967 -0.00765187 0.0893902 0 0.00772513 0.99997 -0.00047368 0 -0.0893838 0.00116232 0.995997 0 0 0 0 0 
0.995797 -0.00782205 0.091255 0 0.00789195 0.999969 -0.000405261 0 -0.091249 0.00112374 0.995827 0 0 0 0 0 
0.995631 -0.00809081 0.0930252 0 0.00815219 0.999967 -0.000279932 0 -0.0930198 0.00103707 0.995664 0 0 0 0 0 
0.99546 -0.00776383 0.0948601 0 0.00784017 0.999969 -0.000432121 0 -0.0948539 0.00117388 0.995491 0 0 0 0 0 
0.995232 -0.00800794 0.0972049 0 0.00809106 0.999967 -0.000460853 0 -0.0971981 0.00124515 0.995264 0 0 0 0 0 
0.994998 -0.00817378 0.0995577 0 0.00825122 0.999966 -0.000366179 0 -0.0995513 0.00118582 0.995032 0 0 0 0 0 
0.994751 -0.00854173 0.101971 0 0.00868127 0.999962 -0.000924809 0 -0.101959 0.00180519 0.994787 0 0 0 0 0 
0.994521 -0.0083211 0.104209 0 0.0084559 0.999964 -0.000851744 0 -0.104198 0.00172826 0.994555 0 0 0 0 0 
0.99428 -0.00847229 0.106466 0 0.00861071 0.999963 -0.000840532 0 -0.106454 0.00175247 0.994316 0 0 0 0 0 
0.994096 -0.00873613 0.108155 0 0.00886787 0.99996 -0.000737122 0 -0.108145 0.00169188 0.994134 0 0 0 0 0 
0.993897 -0.00878402 0.109963 0 0.00892298 0.99996 -0.000771758 0 -0.109951 0.00174824 0.993935 0 0 0 0 0 
0.993707 -0.00915273 0.111639 0 0.00930127 0.999956 -0.000809855 0 -0.111627 0.00184314 0.993748 0 0 0 0 0 
0.993552 -0.00911416 0.113007 0 0.00927084 0.999957 -0.000860941 0 -0.112994 0.00190306 0.993594 0 0 0 0 0 
0.993379 -0.00923705 0.11451 0 0.00937795 0.999956 -0.000691855 0 -0.114499 0.00176115 0.993422 0 0 0 0 0 
0.993228 -0.00917358 0.115817 0 0.00930042 0.999957 -0.000554805 0 -0.115807 0.0016282 0.99327 0 0 0 0 0 
0.993123 -0.00963476 0.116679 0 0.00975224 0.999952 -0.000436057 0 -0.11667 0.00157094 0.99317 0 0 0 0 0 
0.993053 -0.00972687 0.117265 0 0.00984413 0.999951 -0.000420776 0 -0.117255 0.00157222 0.993101 0 0 0 0 0 
0.992986 -0.00968824 0.117832 0 0.00980276 0.999952 -0.000392335 0 -0.117823 0.00154466 0.993033 0 0 0 0 0 
0.992944 -0.00954404 0.118199 0 0.00964296 0.999953 -0.000265041 0 -0.118191 0.00140296 0.99299 0 0 0 0 0 
0.992839 -0.0094734 0.119087 0 0.0095696 0.999954 -0.000236038 0 -0.119079 0.00137396 0.992884 0 0 0 0 0 
0.99266 -0.00957286 0.120561 0 0.00967614 0.999953 -0.000271212 0 -0.120553 0.00143579 0.992706 0 0 0 0 0 
0.992498 -0.00969009 0.12188 0 0.00979591 0.999952 -0.000269048 0 -0.121871 0.00146095 0.992545 0 0 0 0 0 
0.992277 -0.00985427 0.123647 0 0.00998273 0.99995 -0.000419451 0 -0.123637 0.00165055 0.992326 0 0 0 0 0 
0.9921 -0.0100449 0.125046 0 0.0101891 0.999948 -0.000512977 0 -0.125034 0.00178302 0.992151 0 0 0 0 0 
0.991962 -0.010077 0.126135 0 0.010237 0.999947 -0.000620871 0 -0.126122 0.00190713 0.992013 0 0 0 0 0 
0.99179 -0.0101009 0.127477 0 0.0102701 0.999947 -0.000670648 0 -0.127464 0.00197435 0.991841 0 0 0 0 0 
0.991644 -0.0101538 0.128605 0 0.0103112 0.999947 -0.000558297 0 -0.128592 0.0018797 0.991696 0 0 0 0 0 
0.99141 -0.0100872 0.130398 0 0.0102788 0.999947 -0.000796753 0 -0.130383 0.00213025 0.991461 0 0 0 0 0 
0.991204 -0.0106718 0.13191 0 0.0108882 0.99994 -0.000918913 0 -0.131892 0.00234709 0.991261 0 0 0 0 0 
0.991027 -0.0107113 0.133229 0 0.0109357 0.99994 -0.000952797 0 -0.133211 0.0024012 0.991085 0 0 0 0 0 
0.990856 -0.01092 0.134482 0 0.011153 0.999937 -0.000979038 0 -0.134463 0.00246996 0.990916 0 0 0 0 0 
0.990691 -0.0111387 0.135672 0 0.0113613 0.999935 -0.000866827 0 -0.135654 0.00240017 0.990753 0 0 0 0 0 
0.990547 -0.0111218 0.136725 0 0.0113222 0.999936 -0.00068824 0 -0.136708 0.00222976 0.990609 0 0 0 0 0 
0.990408 -0.0112083 0.137721 0 0.0114367 0.999934 -0.000867123 0 -0.137702 0.00243388 0.990471 0 0 0 0 0 
0.990294 -0.0108597 0.138561 0 0.0111083 0.999938 -0.00102087 0 -0.138541 0.00255013 0.990353 0 0 0 0 0 
0.990197 -0.0111132 0.139236 0 0.0113638 0.999935 -0.0010053 0 -0.139216 0.0025777 0.990259 0 0 0 0 0 
0.990104 -0.0110898 0.139897 0 0.0113612 0.999935 -0.00114195 0 -0.139875 0.00272005 0.990165 0 0 0 0 0 
0.989978 -0.0111391 0.140778 0 0.0114369 0.999934 -0.00130601 0 -0.140755 0.00290299 0.99004 0 0 0 0 0 
0.989849 -0.0111599 0.141686 0 0.0114901 0.999933 -0.00151319 0 -0.141659 0.00312581 0.989911 0 0 0 0 0 
0.989711 -0.011336 0.142629 0 0.011677 0.999931 -0.00155375 0 -0.142602 0.00320325 0.989775 0 0 0 0 0 
0.989551 -0.0115467 0.143721 0 0.0119473 0.999927 -0.00192401 0 -0.143689 0.00362099 0.989616 0 0 0 0 0 
0.989358 -0.0116602 0.145033 0 0.0120718 0.999925 -0.00195801 0 -0.145 0.00368799 0.989425 0 0 0 0 0 
0.989185 -0.0115487 0.146217 0 0.0120083 0.999925 -0.00226082 0 -0.146179 0.00399218 0.98925 0 0 0 0 0 
0.989006 -0.0117661 0.147405 0 0.0122399 0.999922 -0.00230707 0 -0.147367 0.00408593 0.989073 0 0 0 0 0 
0.988846 -0.0119447 0.148459 0 0.0124193 0.99992 -0.00226978 0 -0.14842 0.00408822 0.988916 0 0 0 0 0 
0.988692 -0.012274 0.149459 0 0.012777 0.999915 -0.00240579 0 -0.149416 0.00428821 0.988765 0 0 0 0 0 
0.988554 -0.0126828 0.150332 0 0.0132532 0.999908 -0.00279229 0 -0.150283 0.00475271 0.988632 0 0 0 0 0 
0.988443 -0.0122104 0.151102 0 0.0127316 0.999916 -0.00248296 0 -0.151059 0.00437804 0.988515 0 0 0 0 0 
0.988251 -0.012001 0.152368 0 0.012529 0.999918 -0.00250571 0 -0.152326 0.00438529 0.988321 0 0 0 0 0 
0.988049 -0.0123903 0.15364 0 0.0129247 0.999913 -0.00247994 0 -0.153596 0.00443606 0.988124 0 0 0 0 0 
0.987842 -0.011875 0.155009 0 0.012408 0.99992 -0.00247135 0 -0.154968 0.00436465 0.98791 0 0 0 0 0 
0.987538 -0.0118229 0.156937 0 0.0123461 0.999921 -0.00235892 0 -0.156897 0.00426708 0.987606 0 0 0 0 0 
0.987319 -0.0123558 0.158268 0 0.0129402 0.999913 -0.00266187 0 -0.158221 0.00467613 0.987393 0 0 0 0 0 
0.987245 -0.0123837 0.158727 0 0.0129863 0.999912 -0.00275996 0 -0.158679 0.00478604 0.987319 0 0 0 0 0 
0.987227 -0.0126909 0.158812 0 0.0132801 0.999908 -0.0026499 0 -0.158763 0.0047251 0.987305 0 0 0 0 0 
0.987232 -0.0122958 0.158811 0 0.0129352 0.999912 -0.00299298 0 -0.15876 0.00500902 0.987304 0 0 0 0 0 
0.987173 -0.0120431 0.159198 0 0.0126739 0.999915 -0.00294707 0 -0.159149 0.00492693 0.987242 0 0 0 0 0 
0.987024 -0.011921 0.16013 0 0.012566 0.999916 -0.00301547 0 -0.160081 0.00498853 0.987091 0 0 0 0 0 
0.986786 -0.0117792 0.161601 0 0.0124678 0.999917 -0.00324805 0 -0.16155 0.00521995 0.986851 0 0 0 0 0 
0.986565 -0.0120138 0.162928 0 0.0127072 0.999914 -0.00321491 0 -0.162876 0.00524209 0.986633 0 0 0 0 0 
0.9863 -0.0123377 0.164497 0 0.0130643 0.999909 -0.00333533 0 -0.164441 0.00543867 0.986372 0 0 0 0 0 
0.986032 -0.0123878 0.166092 0 0.0131192 0.999908 -0.0033076 0 -0.166036 0.0054404 0.986105 0 0 0 0 0 
0.98583 -0.0134386 0.167208 0 0.0142084 0.999893 -0.00340877 0 -0.167144 0.00573623 0.985916 0 0 0 0 0 
0.985871 -0.0141142 0.16691 0 0.0148948 0.999883 -0.00342616 0 -0.166842 0.00586384 0.985966 0 0 0 0 0 
0.985994 -0.0137259 0.166218 0 0.0144861 0.999889 -0.00336162 0 -0.166153 0.00572238 0.986083 0 0 0 0 0 
0.986032 -0.0134509 0.166014 0 0.0142131 0.999893 -0.00340399 0 -0.165951 0.00571601 0.986117 0 0 0 0 0 
0.985931 -0.013206 0.166629 0 0.013979 0.999896 -0.00346723 0 -0.166566 0.00574777 0.986014 0 0 0 0 0 
0.985831 -0.0132157 0.167223 0 0.0140113 0.999895 -0.00357885 0 -0.167158 0.00587115 0.985913 0 0 0 0 0 
0.985716 -0.0130989 0.167904 0 0.0138971 0.999897 -0.00357938 0 -0.16784 0.00586162 0.985797 0 0 0 0 0 
0.98559 -0.0130082 0.168653 0 0.0137978 0.999899 -0.00351078 0 -0.16859 0.00578722 0.985669 0 0 0 0 0 
0.985466 -0.01303 0.169375 0 0.013791 0.999899 -0.00331768 0 -0.169315 0.00560532 0.985546 0 0 0 0 0 
0.985277 -0.0129469 0.170474 0 0.0137241 0.9999 -0.00338109 0 -0.170414 0.00567091 0.985356 0 0 0 0 0 
0.985008 -0.013015 0.172019 0 0.01381 0.999899 -0.00342589 0 -0.171957 0.00575011 0.985088 0 0 0 0 0 
0.984684 -0.0130811 0.173856 0 0.0138959 0.999897 -0.00347013 0 -0.173792 0.00583287 0.984765 0 0 0 0 0 
0.984384 -0.0136839 0.1755 0 0.0144781 0.99989 -0.00324589 0 -0.175437 0.00573611 0.984474 0 0 0 0 0 
0.9841 -0.0131764 0.177128 0 0.0139806 0.999897 -0.003293 0 -0.177066 0.005717 0.984182 0 0 0 0 0 
0.983761 -0.013761 0.178957 0 0.014604 0.999888 -0.00339382 0 -0.17889 0.00595218 0.983851 0 0 0 0 0 
0.983413 -0.0136001 0.180868 0 0.0144489 0.99989 -0.00337633 0 -0.180802 0.00593367 0.983502 0 0 0 0 0 
0.983095 -0.013623 0.182588 0 0.014527 0.999888 -0.00361482 0 -0.182518 0.00620618 0.983183 0 0 0 0 0 
0.982662 -0.0138888 0.184886 0 0.0148172 0.999884 -0.00364031 0 -0.184814 0.00631669 0.982753 0 0 0 0 0 
0.982139 -0.0136013 0.187665 0 0.0145437 0.999888 -0.00364589 0 -0.187594 0.00631011 0.982226 0 0 0 0 0 
0.981631 -0.013831 0.190288 0 0.01484 0.999882 -0.00387819 0 -0.190212 0.00663081 0.981721 0 0 0 0 0 
0.981072 -0.0138029 0.193149 0 0.0148271 0.999883 -0.00385809 0 -0.193073 0.00664891 0.981162 0 0 0 0 0 
0.980491 -0.0140072 0.196064 0 0.0150668 0.999879 -0.00391365 0 -0.195985 0.00679135 0.980583 0 0 0 0 0 
0.979972 -0.014183 0.198628 0 0.015277 0.999875 -0.0039761 0 -0.198546 0.0069309 0.980067 0 0 0 0 0 
0.979472 -0.0144871 0.201059 0 0.0155969 0.999871 -0.00393696 0 -0.200975 0.00699204 0.979571 0 0 0 0 0 
0.979067 -0.0148869 0.202995 0 0.0159941 0.999865 -0.00381507 0 -0.202911 0.00698193 0.979172 0 0 0 0 0 
0.978736 -0.014711 0.204595 0 0.015815 0.999868 -0.00376166 0 -0.204513 0.00691734 0.978839 0 0 0 0 0 
0.978348 -0.01457 0.206451 0 0.015711 0.999869 -0.00388781 0 -0.206368 0.00704719 0.978449 0 0 0 0 0 
0.977941 -0.0147433 0.208362 0 0.0159107 0.999866 -0.00392823 0 -0.208276 0.00715677 0.978044 0 0 0 0 0 
0.977502 -0.0145739 0.210424 0 0.0158191 0.999866 -0.00423529 0 -0.210334 0.00746871 0.977601 0 0 0 0 0 
0.977051 -0.0150091 0.212475 0 0.0162309 0.99986 -0.00400715 0 -0.212385 0.00736385 0.977158 0 0 0 0 0 
0.976708 -0.0150049 0.214045 0 0.0162331 0.99986 -0.00398106 0 -0.213956 0.00736294 0.976816 0 0 0 0 0 
0.976321 -0.0154076 0.215776 0 0.0166434 0.999854 -0.00391118 0 -0.215684 0.00740982 0.976435 0 0 0 0 0 
0.976006 -0.0157309 0.217173 0 0.0170261 0.999847 -0.00409381 0 -0.217075 0.00769319 0.976125 0 0 0 0 0 
0.975749 -0.0158432 0.218319 0 0.0170848 0.999847 -0.00380012 0 -0.218225 0.00743788 0.97587 0 0 0 0 0 
0.975435 -0.0157582 0.219722 0 0.0170388 0.999847 -0.00393392 0 -0.219626 0.00758108 0.975555 0 0 0 0 0 
0.975033 -0.0156159 0.221509 0 0.0169231 0.999849 -0.00400418 0 -0.221413 0.00765282 0.97515 0 0 0 0 0 
0.974632 -0.0157274 0.22326 0 0.0170596 0.999846 -0.00403987 0 -0.223163 0.00774613 0.97475 0 0 0 0 0 
0.97425 -0.0158341 0.224915 0 0.0171899 0.999844 -0.00407078 0 -0.224816 0.00783222 0.97437 0 0 0 0 0 
0.973794 -0.0159048 0.226874 0 0.0172712 0.999843 -0.00403923 0 -0.226774 0.00785177 0.973916 0 0 0 0 0 
0.973314 -0.0161533 0.228907 0 0.0175247 0.999839 -0.00395907 0 -0.228806 0.00786493 0.97344 0 0 0 0 0 
0.972869 -0.016493 0.230767 0 0.017836 0.999834 -0.00373468 0 -0.230667 0.00774932 0.973002 0 0 0 0 0 
0.972429 -0.0169089 0.232583 0 0.0182661 0.999826 -0.00368307 0 -0.232481 0.00782993 0.97257 0 0 0 0 0 
0.971972 -0.016558 0.234514 0 0.017969 0.999831 -0.0038809 0 -0.23441 0.0079861 0.972105 0 0 0 0 0 
0.971412 -0.0167727 0.236806 0 0.0181693 0.999828 -0.00371633 0 -0.236702 0.00791267 0.97155 0 0 0 0 0 
0.970899 -0.0173177 0.238863 0 0.0187433 0.999817 -0.00369826 0 -0.238756 0.00806774 0.971046 0 0 0 0 0 
0.970424 -0.0175092 0.240772 0 0.0189628 0.999813 -0.00372118 0 -0.240662 0.00817682 0.970575 0 0 0 0 0 
0.969874 -0.017294 0.242991 0 0.018751 0.999817 -0.00368433 0 -0.242883 0.00812967 0.970022 0 0 0 0 0 
0.969293 -0.0173027 0.245301 0 0.0187533 0.999818 -0.00357885 0 -0.245194 0.00806915 0.96944 0 0 0 0 0 
0.968648 -0.0172731 0.247835 0 0.0187369 0.999818 -0.0035488 0 -0.247728 0.0080812 0.968796 0 0 0 0 0 
0.967958 -0.0176653 0.250489 0 0.0191207 0.999811 -0.00337785 0 -0.250382 0.00805915 0.968114 0 0 0 0 0 
0.967384 -0.0180714 0.252669 0 0.0195036 0.999805 -0.00316463 0 -0.252562 0.00798937 0.967548 0 0 0 0 0 
0.966768 -0.0180818 0.255013 0 0.0195392 0.999804 -0.00318301 0 -0.254906 0.00805999 0.966932 0 0 0 0 0 
0.96613 -0.0178408 0.257439 0 0.0193932 0.999806 -0.00349186 0 -0.257326 0.00836614 0.966288 0 0 0 0 0 
0.965535 -0.0186615 0.259605 0 0.0201605 0.999792 -0.00311275 0 -0.259493 0.00823925 0.96571 0 0 0 0 0 
0.965036 -0.0188116 0.261441 0 0.0203494 0.999788 -0.00317594 0 -0.261326 0.00838506 0.965214 0 0 0 0 0 
0.96453 -0.0187331 0.263308 0 0.0202519 0.99979 -0.00305494 0 -0.263195 0.00827906 0.964707 0 0 0 0 0 
0.96399 -0.0188556 0.265269 0 0.0203684 0.999788 -0.00295262 0 -0.265157 0.00824938 0.96417 0 0 0 0 0 
0.963387 -0.0188681 0.267449 0 0.0204499 0.999786 -0.00313014 0 -0.267333 0.00848486 0.963567 0 0 0 0 0 
0.962882 -0.019083 0.269247 0 0.02074 0.999779 -0.00331035 0 -0.269124 0.00877165 0.963066 0 0 0 0 0 
0.962352 -0.0191737 0.271129 0 0.0208153 0.999778 -0.00318004 0 -0.271008 0.00870396 0.962538 0 0 0 0 0 
0.961762 -0.019333 0.273203 0 0.020995 0.999775 -0.00316099 0 -0.27308 0.00877601 0.961951 0 0 0 0 0 
0.961123 -0.0196138 0.275425 0 0.0213262 0.999767 -0.00322378 0 -0.275297 0.00897222 0.961317 0 0 0 0 0 
0.960515 -0.019757 0.277527 0 0.021525 0.999763 -0.00332476 0 -0.277395 0.00916724 0.960712 0 0 0 0 0 
0.959994 -0.0201219 0.279295 0 0.0218501 0.999757 -0.00307571 0 -0.279165 0.00905529 0.9602 0 0 0 0 0 
0.959505 -0.020395 0.280953 0 0.022127 0.999751 -0.00299379 0 -0.280822 0.00908921 0.959717 0 0 0 0 0 
0.958937 -0.0203257 0.282889 0 0.0221293 0.99975 -0.00318125 0 -0.282754 0.00931075 0.959147 0 0 0 0 0 
0.958326 -0.0203842 0.28495 0 0.0222748 0.999746 -0.00339515 0 -0.284808 0.00960085 0.958536 0 0 0 0 0 
0.957597 -0.020114 0.287409 0 0.021992 0.999753 -0.00330726 0 -0.287272 0.00948774 0.957802 0 0 0 0 0 
0.95677 -0.0203063 0.290137 0 0.0222627 0.999746 -0.00344381 0 -0.289994 0.00975419 0.956979 0 0 0 0 0 
0.955989 -0.0206559 0.292673 0 0.0225291 0.999742 -0.00303086 0 -0.292535 0.00949114 0.956208 0 0 0 0 0 
0.955133 -0.0208682 0.295442 0 0.0226798 0.999739 -0.00270593 0 -0.295308 0.00928507 0.955357 0 0 0 0 0 
0.954388 -0.021176 0.297816 0 0.023007 0.999732 -0.00264386 0 -0.29768 0.00937514 0.95462 0 0 0 0 0 
0.953674 -0.021536 0.300071 0 0.023343 0.999725 -0.00243819 0 -0.299936 0.00932981 0.953914 0 0 0 0 0 
0.953318 -0.021741 0.301183 0 0.023461 0.999723 -0.00209436 0 -0.301054 0.00906264 0.953564 0 0 0 0 0 
0.952929 -0.0216451 0.302419 0 0.0233599 0.999725 -0.0020541 0 -0.302292 0.0090219 0.953173 0 0 0 0 0 
0.95267 -0.021851 0.303221 0 0.023484 0.999723 -0.00173975 0 -0.303099 0.00877825 0.952919 0 0 0 0 0 
0.952543 -0.0218159 0.303621 0 0.0234941 0.999722 -0.00187484 0 -0.303496 0.00891916 0.952791 0 0 0 0 0 
0.952476 -0.0219921 0.30382 0 0.0236819 0.999718 -0.00187811 0 -0.303693 0.00898389 0.952728 0 0 0 0 0 
0.952417 -0.021951 0.304005 0 0.0237 0.999717 -0.00206415 0 -0.303874 0.00917085 0.952668 0 0 0 0 0 
0.952348 -0.0220629 0.304215 0 0.0237871 0.999715 -0.00196206 0 -0.304085 0.00910494 0.952601 0 0 0 0 0 
0.952298 -0.0221837 0.304361 0 0.0239183 0.999712 -0.00197162 0 -0.30423 0.00915738 0.952555 0 0 0 0 0 
0.952251 -0.0219433 0.304528 0 0.0236437 0.999719 -0.0018967 0 -0.3044 0.0090063 0.952502 0 0 0 0 0 
0.952022 -0.0218138 0.305252 0 0.0236332 0.999718 -0.00226582 0 -0.305116 0.00937118 0.952269 0 0 0 0 0 
0.951651 -0.021696 0.306414 0 0.023555 0.99972 -0.00237 0 -0.306277 0.009473 0.951895 0 0 0 0 0 
0.951188 -0.0217341 0.307847 0 0.0236099 0.999718 -0.00236971 0 -0.307709 0.00952229 0.951433 0 0 0 0 0 
0.950672 -0.0220898 0.30941 0 0.0239752 0.99971 -0.00229194 0 -0.30927 0.00959706 0.950926 0 0 0 0 0 
0.950072 -0.0217813 0.311271 0 0.0237047 0.999716 -0.00239704 0 -0.31113 0.00965596 0.950318 0 0 0 0 0 
0.949433 -0.0221041 0.31319 0 0.0239259 0.999712 -0.00197424 0 -0.313056 0.00936776 0.949688 0 0 0 0 0 
0.948641 -0.0223159 0.315568 0 0.0240581 0.999709 -0.00162577 0 -0.31544 0.00913423 0.948902 0 0 0 0 0 
0.947796 -0.022197 0.318103 0 0.023971 0.999711 -0.00166329 0 -0.317974 0.00920171 0.948055 0 0 0 0 0 
0.947004 -0.0225129 0.320433 0 0.0242541 0.999705 -0.00144334 0 -0.320306 0.00913866 0.94727 0 0 0 0 0 
0.946305 -0.022407 0.322499 0 0.024172 0.999707 -0.00146871 0 -0.322371 0.00918529 0.946569 0 0 0 0 0 
0.945507 -0.0224645 0.324827 0 0.0242185 0.999706 -0.00135707 0 -0.324701 0.00914993 0.945772 0 0 0 0 0 
0.944698 -0.0223847 0.327178 0 0.0241693 0.999707 -0.00138908 0 -0.327051 0.00921992 0.944962 0 0 0 0 0 
0.943905 -0.0228729 0.329423 0 0.0247241 0.999693 -0.00143079 0 -0.329289 0.00949521 0.944181 0 0 0 0 0 
0.943222 -0.0230031 0.331366 0 0.0249479 0.999687 -0.00161594 0 -0.331225 0.00979106 0.943501 0 0 0 0 0 
0.942564 -0.023369 0.333207 0 0.025304 0.999679 -0.00146793 0 -0.333065 0.00981507 0.942853 0 0 0 0 0 
0.941897 -0.0233683 0.335089 0 0.0252627 0.99968 -0.00129501 0 -0.334951 0.00968499 0.942186 0 0 0 0 0 
0.941321 -0.0236081 0.336685 0 0.0255589 0.999672 -0.00136282 0 -0.336543 0.00988818 0.941616 0 0 0 0 0 
0.94062 -0.022904 0.338688 0 0.024909 0.999688 -0.00157404 0 -0.338546 0.00991696 0.940898 0 0 0 0 0 
0.939858 -0.0235349 0.340755 0 0.0255601 0.999672 -0.00145488 0 -0.340609 0.0100771 0.940151 0 0 0 0 0 
0.939263 -0.0237661 0.342375 0 0.0258589 0.999664 -0.00154881 0 -0.342223 0.0103082 0.939562 0 0 0 0 0 
0.938604 -0.0232639 0.34421 0 0.0254121 0.999676 -0.00173007 0 -0.344058 0.0103709 0.938891 0 0 0 0 0 
0.937823 -0.0234152 0.346323 0 0.0255828 0.999671 -0.00168803 0 -0.346169 0.010443 0.938114 0 0 0 0 0 
0.936985 -0.0233932 0.348584 0 0.0257278 0.999667 -0.00206903 0 -0.34842 0.010907 0.937275 0 0 0 0 0 
0.936438 -0.024091 0.350005 0 0.026558 0.999645 -0.00224979 0 -0.349826 0.0114022 0.936745 0 0 0 0 0 
0.936024 -0.0237717 0.351132 0 0.0262463 0.999653 -0.00228876 0 -0.350956 0.0113582 0.936323 0 0 0 0 0 
0.935688 -0.0247858 0.351958 0 0.0272002 0.999628 -0.00191594 0 -0.35178 0.0113661 0.936014 0 0 0 0 0 
0.935437 -0.024334 0.352654 0 0.026765 0.99964 -0.00201826 0 -0.352478 0.0113267 0.935752 0 0 0 0 0 
0.934965 -0.023743 0.353945 0 0.026194 0.999655 -0.0021348 0 -0.353773 0.0112672 0.935264 0 0 0 0 0 
0.934308 -0.0237701 0.355673 0 0.0261669 0.999656 -0.00192893 0 -0.355504 0.0111091 0.934609 0 0 0 0 0 
0.933612 -0.0237593 0.357496 0 0.0261737 0.999656 -0.00191611 0 -0.357327 0.0111459 0.933913 0 0 0 0 0 
0.932919 -0.023319 0.35933 0 0.025747 0.999667 -0.00197231 0 -0.359164 0.0110917 0.933209 0 0 0 0 0 
0.932239 -0.0232687 0.361094 0 0.0257053 0.999668 -0.0019454 0 -0.360929 0.0110956 0.932527 0 0 0 0 0 
0.931577 -0.023451 0.362788 0 0.025971 0.999661 -0.00206983 0 -0.362616 0.0113502 0.931869 0 0 0 0 0 
0.931031 -0.023614 0.364174 0 0.026163 0.999656 -0.00206683 0 -0.364 0.0114522 0.931329 0 0 0 0 0 
0.930519 -0.0234468 0.365493 0 0.0259772 0.999661 -0.00200647 0 -0.365322 0.0113615 0.930812 0 0 0 0 0 
0.92988 -0.0232802 0.367124 0 0.0258328 0.999664 -0.00204011 0 -0.366954 0.0113809 0.93017 0 0 0 0 0 
0.929072 -0.0232591 0.369168 0 0.0259339 0.999661 -0.00228402 0 -0.36899 0.011696 0.92936 0 0 0 0 0 
0.928392 -0.023396 0.370866 0 0.025971 0.999661 -0.00194994 0 -0.370694 0.0114421 0.928684 0 0 0 0 0 
0.927581 -0.0233009 0.372894 0 0.0258981 0.999663 -0.00195672 0 -0.372722 0.0114723 0.927872 0 0 0 0 0 
0.926734 -0.0228978 0.375019 0 0.0256092 0.99967 -0.00224684 0 -0.374844 0.0116862 0.927014 0 0 0 0 0 
0.925751 -0.0225826 0.377459 0 0.0253784 0.999675 -0.00243421 0 -0.377282 0.0118328 0.926023 0 0 0 0 0 
0.924844 -0.0229709 0.379653 0 0.0257851 0.999665 -0.0023283 0 -0.379472 0.0119427 0.925126 0 0 0 0 0 
0.924082 -0.0234248 0.381475 0 0.0263432 0.99965 -0.00242908 0 -0.381284 0.0122939 0.924376 0 0 0 0 0 
0.923378 -0.0233732 0.38318 0 0.0263038 0.999651 -0.00240977 0 -0.38299 0.0123042 0.923671 0 0 0 0 0 
0.922525 -0.0230913 0.385247 0 0.0261817 0.999653 -0.00277738 0 -0.385049 0.0126486 0.922809 0 0 0 0 0 
0.921657 -0.023641 0.387284 0 0.026782 0.999638 -0.00271472 0 -0.38708 0.0128743 0.921956 0 0 0 0 0 
0.920919 -0.023597 0.38904 0 0.026848 0.999635 -0.00292103 0 -0.388829 0.013135 0.921216 0 0 0 0 0 
0.919884 -0.0228903 0.391523 0 0.0261027 0.999655 -0.00288361 0 -0.391322 0.0128724 0.920164 0 0 0 0 0 
0.918319 -0.0218722 0.395236 0 0.0252328 0.999676 -0.00330606 0 -0.395036 0.0130089 0.918574 0 0 0 0 0 
0.916401 -0.0217287 0.399672 0 0.0251173 0.999679 -0.00324218 0 -0.399473 0.0130098 0.916653 0 0 0 0 0 
0.914418 -0.022486 0.404147 0 0.026073 0.999654 -0.0033737 0 -0.403931 0.0136223 0.914688 0 0 0 0 0 
0.912846 -0.0231032 0.407649 0 0.0268328 0.999634 -0.00343292 0 -0.40742 0.0140721 0.913132 0 0 0 0 0 
0.911423 -0.0227557 0.41084 0 0.0265143 0.999642 -0.00345181 0 -0.410615 0.0140392 0.911701 0 0 0 0 0 
0.909982 -0.022933 0.414012 0 0.0267 0.999638 -0.00331357 0 -0.413787 0.0140694 0.910265 0 0 0 0 0 
0.908658 -0.0235312 0.416877 0 0.0272938 0.999623 -0.00306648 0 -0.416648 0.0141645 0.908958 0 0 0 0 0 
0.907435 -0.0233871 0.419542 0 0.0271569 0.999627 -0.00301479 0 -0.419315 0.0141292 0.907731 0 0 0 0 0 
0.906197 -0.0234298 0.422206 0 0.0270952 0.999629 -0.00268243 0 -0.421986 0.0138706 0.906496 0 0 0 0 0 
0.905226 -0.0236731 0.424271 0 0.0273259 0.999623 -0.00252643 0 -0.424051 0.0138806 0.905532 0 0 0 0 0 
0.904312 -0.0236059 0.426218 0 0.0272851 0.999624 -0.00252722 0 -0.425998 0.0139148 0.904617 0 0 0 0 0 
0.903436 -0.0239842 0.428052 0 0.0276448 0.999615 -0.00233713 0 -0.427831 0.0139449 0.903751 0 0 0 0 0 
0.902902 -0.0245847 0.429144 0 0.0282763 0.999598 -0.00222734 0 -0.428916 0.0141457 0.903233 0 0 0 0 0 
0.902553 -0.0245303 0.429879 0 0.0282257 0.999599 -0.00222089 0 -0.429652 0.0141381 0.902884 0 0 0 0 0 
0.902088 -0.0244239 0.430861 0 0.0281461 0.999601 -0.00226538 0 -0.430634 0.0141706 0.902415 0 0 0 0 0 
0.901677 -0.0245677 0.431711 0 0.0283153 0.999596 -0.00225484 0 -0.431481 0.0142572 0.902009 0 0 0 0 0 
0.901269 -0.0245271 0.432565 0 0.0282959 0.999597 -0.002277 0 -0.432335 0.014292 0.9016 0 0 0 0 0 
0.900802 -0.0243298 0.433548 0 0.0280772 0.999603 -0.00224178 0 -0.433321 0.0141922 0.901128 0 0 0 0 0 
0.900169 -0.0242528 0.434865 0 0.0279112 0.999608 -0.00202688 0 -0.434646 0.0139621 0.900493 0 0 0 0 0 
0.899427 -0.024174 0.436402 0 0.02794 0.999607 -0.00221222 0 -0.436177 0.0141828 0.899749 0 0 0 0 0 
0.898618 -0.0237288 0.43809 0 0.0276642 0.999614 -0.00260219 0 -0.437859 0.0144578 0.898927 0 0 0 0 0 
0.897793 -0.024437 0.439739 0 0.02839 0.999594 -0.00241323 0 -0.439502 0.0146508 0.898122 0 0 0 0 0 
0.897121 -0.0244214 0.441109 0 0.0284656 0.999592 -0.00255206 0 -0.440866 0.0148459 0.89745 0 0 0 0 0 
0.896512 -0.0245289 0.44234 0 0.0286201 0.999587 -0.00257589 0 -0.442094 0.0149691 0.896844 0 0 0 0 0 
0.895791 -0.0246667 0.44379 0 0.0287623 0.999583 -0.00249794 0 -0.443544 0.0150021 0.896127 0 0 0 0 0 
0.894937 -0.0246242 0.445512 0 0.0288068 0.999582 -0.00261814 0 -0.445261 0.0151769 0.895272 0 0 0 0 0 
0.89395 -0.0240488 0.447522 0 0.0285362 0.999587 -0.00328701 0 -0.447258 0.015709 0.894267 0 0 0 0 0 
0.893141 -0.0244421 0.449112 0 0.0289239 0.999577 -0.00312018 0 -0.448846 0.0157768 0.89347 0 0 0 0 0 
0.892518 -0.024894 0.450323 0 0.029369 0.999564 -0.00295185 0 -0.450054 0.0158601 0.892861 0 0 0 0 0 
0.892042 -0.0252009 0.451248 0 0.0297301 0.999554 -0.00294937 0 -0.450973 0.0160466 0.892394 0 0 0 0 0 
0.891675 -0.0252409 0.451971 0 0.0298041 0.999551 -0.002978 0 -0.451693 0.016126 0.892028 0 0 0 0 0 
0.891096 -0.0246239 0.453146 0 0.0293211 0.999564 -0.00334265 0 -0.452866 0.0162654 0.89143 0 0 0 0 0 
0.890464 -0.024424 0.454397 0 0.029077 0.999572 -0.00325395 0 -0.454123 0.01611 0.890793 0 0 0 0 0 
0.889723 -0.024396 0.455849 0 0.029114 0.999571 -0.00332981 0 -0.455572 0.0162342 0.890051 0 0 0 0 0 
0.889016 -0.02439 0.457226 0 0.029105 0.999571 -0.0032702 0 -0.45695 0.0162148 0.889345 0 0 0 0 0 
0.888333 -0.024601 0.458541 0 0.029354 0.999564 -0.00324042 0 -0.458261 0.0163386 0.888667 0 0 0 0 0 
0.887604 -0.0245023 0.459956 0 0.0292887 0.999566 -0.00327214 0 -0.459676 0.0163759 0.887936 0 0 0 0 0 
0.886733 -0.0242074 0.461647 0 0.0290216 0.999573 -0.00333022 0 -0.46137 0.0163508 0.887057 0 0 0 0 0 
0.885899 -0.0242652 0.463243 0 0.0291738 0.999568 -0.00343307 0 -0.46296 0.0165559 0.886225 0 0 0 0 0 
0.885214 -0.0244708 0.46454 0 0.0294412 0.999561 -0.00344808 0 -0.464252 0.0167289 0.885545 0 0 0 0 0 
0.884647 -0.0248279 0.4656 0 0.0297721 0.999551 -0.00326698 0 -0.46531 0.016752 0.884989 0 0 0 0 0 
0.884068 -0.024435 0.466719 0 0.029482 0.999559 -0.00351376 0 -0.466428 0.0168662 0.884399 0 0 0 0 0 
0.883419 -0.0248116 0.467927 0 0.0298794 0.999548 -0.00341008 0 -0.467631 0.0169939 0.883761 0 0 0 0 0 
0.882778 -0.0244066 0.469155 0 0.0293944 0.999562 -0.00330973 0 -0.468869 0.0167123 0.88311 0 0 0 0 0 
0.88212 -0.0244251 0.470392 0 0.0295069 0.999559 -0.00343187 0 -0.4701 0.0169071 0.882451 0 0 0 0 0 
0.881673 -0.024857 0.471205 0 0.03012 0.99954 -0.00362991 0 -0.470898 0.0173931 0.882016 0 0 0 0 0 
0.881481 -0.0248727 0.471564 0 0.0300583 0.999542 -0.00346619 0 -0.471262 0.0172298 0.881825 0 0 0 0 0 
0.88121 -0.0247142 0.472079 0 0.0299498 0.999545 -0.00357818 0 -0.471776 0.0172918 0.881549 0 0 0 0 0 
0.880918 -0.0247745 0.47262 0 0.0300165 0.999543 -0.00355231 0 -0.472316 0.0173157 0.881259 0 0 0 0 0 
0.880541 -0.024401 0.473341 0 0.029559 0.999557 -0.00345991 0 -0.473047 0.0170381 0.880872 0 0 0 0 0 
0.880086 -0.0243671 0.474189 0 0.0294869 0.99956 -0.00336295 0 -0.473898 0.0169421 0.880417 0 0 0 0 0 
0.879696 -0.024382 0.474911 0 0.029436 0.999562 -0.00320771 0 -0.474625 0.0168013 0.880028 0 0 0 0 0 
0.879323 -0.0242612 0.475607 0 0.0293818 0.999563 -0.00333355 0 -0.475318 0.0169054 0.879652 0 0 0 0 0 
0.878941 -0.0242247 0.476314 0 0.0293153 0.999565 -0.00325912 0 -0.476028 0.0168279 0.879269 0 0 0 0 0 
0.878494 -0.0242188 0.47714 0 0.0293492 0.999564 -0.00330068 0 -0.476852 0.0169033 0.878821 0 0 0 0 0 
0.878016 -0.0242398 0.478017 0 0.0295232 0.999558 -0.0035412 0 -0.477719 0.0172218 0.878344 0 0 0 0 0 
0.87755 -0.0239287 0.478888 0 0.0291583 0.999569 -0.00348616 0 -0.478598 0.0170228 0.877869 0 0 0 0 0 
0.876904 -0.024135 0.480059 0 0.029261 0.999567 -0.00319674 0 -0.479774 0.0168503 0.87723 0 0 0 0 0 
0.876158 -0.024023 0.481426 0 0.029287 0.999565 -0.00342214 0 -0.481134 0.0170979 0.87648 0 0 0 0 0 
0.875419 -0.0241497 0.482762 0 0.0294333 0.999561 -0.00337084 0 -0.482468 0.0171602 0.875745 0 0 0 0 0 
0.874705 -0.0237467 0.484074 0 0.0292013 0.999567 -0.00373095 0 -0.483776 0.0173991 0.875019 0 0 0 0 0 
0.873961 -0.0240011 0.485403 0 0.0294399 0.99956 -0.00358214 0 -0.485103 0.0174209 0.874283 0 0 0 0 0 
0.873198 -0.0240771 0.48677 0 0.0294379 0.999561 -0.00336618 0 -0.486475 0.0172688 0.873524 0 0 0 0 0 
0.872391 -0.024105 0.488214 0 0.029551 0.999557 -0.0034527 0 -0.487914 0.0174393 0.872717 0 0 0 0 0 
0.871441 -0.0242007 0.489902 0 0.0297293 0.999552 -0.00350562 0 -0.489598 0.0176194 0.87177 0 0 0 0 0 
0.870632 -0.0240982 0.491344 0 0.0296678 0.999554 -0.00354582 0 -0.491039 0.0176642 0.870958 0 0 0 0 0 
0.869869 -0.0241582 0.49269 0 0.0297198 0.999552 -0.00346033 0 -0.492386 0.0176527 0.870198 0 0 0 0 0 
0.869012 -0.023776 0.49422 0 0.029402 0.999561 -0.00361204 0 -0.493917 0.01767 0.869329 0 0 0 0 0 
0.867906 -0.0234902 0.496173 0 0.0290628 0.999571 -0.00351401 0 -0.495878 0.01747 0.868216 0 0 0 0 0 
0.866424 -0.0231462 0.498773 0 0.0289118 0.999575 -0.00383652 0 -0.498472 0.0177445 0.866724 0 0 0 0 0 
0.865067 -0.0237302 0.501094 0 0.0295548 0.999556 -0.00368634 0 -0.500784 0.0179987 0.865385 0 0 0 0 0 
0.863759 -0.0240879 0.50333 0 0.0299161 0.999546 -0.00350331 0 -0.503017 0.0180837 0.864087 0 0 0 0 0 
0.862464 -0.0238741 0.505555 0 0.0297139 0.999552 -0.00348891 0 -0.505245 0.0180311 0.862787 0 0 0 0 0 
0.861387 -0.0241389 0.507376 0 0.0299631 0.999546 -0.00331497 0 -0.507065 0.018058 0.861719 0 0 0 0 0 
0.860459 -0.024451 0.508933 0 0.0304 0.999532 -0.00337629 0 -0.508613 0.0183767 0.860799 0 0 0 0 0 
0.859569 -0.0247793 0.510418 0 0.0308847 0.999517 -0.00348784 0 -0.510085 0.0187622 0.859919 0 0 0 0 0 
0.858844 -0.0243933 0.511656 0 0.0305427 0.999527 -0.00361497 0 -0.511325 0.018732 0.859183 0 0 0 0 0 
0.857911 -0.024049 0.513235 0 0.030443 0.999528 -0.00405217 0 -0.512896 0.0191008 0.858238 0 0 0 0 0 
0.856917 -0.0239413 0.514898 0 0.0303447 0.999531 -0.00402579 0 -0.51456 0.0190742 0.857242 0 0 0 0 0 
0.856041 -0.0239581 0.516353 0 0.0303999 0.99953 -0.00402196 0 -0.516013 0.01914 0.856367 0 0 0 0 0 
0.855172 -0.0240301 0.517786 0 0.0304629 0.999528 -0.00392508 0 -0.517448 0.0191299 0.855501 0 0 0 0 0 
0.85435 -0.023825 0.519152 0 0.030395 0.999529 -0.00414937 0 -0.518809 0.0193246 0.854672 0 0 0 0 0 
0.853554 -0.0238472 0.520458 0 0.0302928 0.999534 -0.00388219 0 -0.520123 0.0190798 0.853878 0 0 0 0 0 
0.852497 -0.0231667 0.522219 0 0.0298213 0.999546 -0.00433995 0 -0.521881 0.019273 0.8528 0 0 0 0 0 
0.851254 -0.0231551 0.524243 0 0.0298779 0.999544 -0.00436661 0 -0.523903 0.0193804 0.851558 0 0 0 0 0 
0.849975 -0.0224663 0.526344 0 0.0291947 0.999564 -0.00448037 0 -0.526013 0.0191746 0.85026 0 0 0 0 0 
0.84839 -0.022676 0.528885 0 0.029476 0.999556 -0.00442686 0 -0.52855 0.0193451 0.848682 0 0 0 0 0 
0.846711 -0.0223549 0.531583 0 0.0293151 0.999559 -0.00465834 0 -0.531245 0.0195277 0.846993 0 0 0 0 0 
0.843077 -0.0212138 0.537375 0 0.0285942 0.999577 -0.00540085 0 -0.537033 0.0199191 0.843326 0 0 0 0 0 
0.840472 -0.021238 0.541439 0 0.028872 0.999567 -0.00560973 0 -0.541086 0.0203473 0.840721 0 0 0 0 0 
0.83797 -0.0217141 0.545284 0 0.0295549 0.999547 -0.00561501 0 -0.544915 0.020821 0.838233 0 0 0 0 0 
0.835654 -0.021902 0.548819 0 0.03003 0.999532 -0.00583604 0 -0.548435 0.021358 0.835921 0 0 0 0 0 
0.83378 -0.0229767 0.551618 0 0.0314093 0.99949 -0.00584371 0 -0.551202 0.0221983 0.834077 0 0 0 0 0 
0.832291 -0.0231439 0.553856 0 0.0319601 0.99947 -0.00626249 0 -0.553417 0.0229135 0.832589 0 0 0 0 0 
0.830731 -0.022457 0.55622 0 0.031459 0.999483 -0.00663169 0 -0.555784 0.0230073 0.831008 0 0 0 0 0 
0.828979 -0.022355 0.558833 0 0.031786 0.999469 -0.00717007 0 -0.558376 0.0237069 0.829249 0 0 0 0 0 
0.827119 -0.0220728 0.561593 0 0.0317212 0.999469 -0.00743609 0 -0.561131 0.0239649 0.82738 0 0 0 0 0 
0.825205 -0.0216077 0.56442 0 0.0316643 0.999466 -0.00803198 0 -0.563946 0.0245 0.825448 0 0 0 0 0 
0.823297 -0.021557 0.567201 0 0.031874 0.999458 -0.00828007 0 -0.566715 0.0248959 0.823538 0 0 0 0 0 
0.82133 -0.021542 0.570046 0 0.0321 0.999449 -0.00848092 0 -0.569549 0.0252641 0.821569 0 0 0 0 0 
0.819742 -0.021947 0.572313 0 0.032776 0.999426 -0.00862037 0 -0.571795 0.0258246 0.81999 0 0 0 0 0 
0.818577 -0.0222597 0.573965 0 0.0333273 0.999406 -0.00877131 0 -0.573429 0.0263087 0.818833 0 0 0 0 0 
0.817675 -0.0221218 0.575254 0 0.0334212 0.9994 -0.00907275 0 -0.574709 0.0266443 0.817924 0 0 0 0 0 
0.816815 -0.0220563 0.576478 0 0.0334917 0.999396 -0.00921712 0 -0.575927 0.0268359 0.817061 0 0 0 0 0 
0.816042 -0.0222122 0.577566 0 0.0338818 0.999381 -0.00943702 0 -0.576999 0.02727 0.816289 0 0 0 0 0 
0.815165 -0.021814 0.578818 0 0.033644 0.999387 -0.00971771 0 -0.578251 0.0273953 0.815399 0 0 0 0 0 
0.814292 -0.021725 0.580048 0 0.033873 0.999375 -0.0101219 0 -0.579466 0.0278901 0.814519 0 0 0 0 0 
0.813409 -0.0216897 0.581287 0 0.0339693 0.99937 -0.0102443 0 -0.580699 0.0280787 0.813634 0 0 0 0 0 
0.812516 -0.0216825 0.582535 0 0.0341465 0.999362 -0.01043 0 -0.581938 0.028366 0.812738 0 0 0 0 0 
0.811766 -0.0219036 0.583572 0 0.0346864 0.999341 -0.0107409 0 -0.582952 0.0289611 0.81199 0 0 0 0 0 
0.811212 -0.0220972 0.584334 0 0.0351388 0.999322 -0.0109917 0 -0.583695 0.0294493 0.811439 0 0 0 0 0 
0.810687 -0.0222612 0.585057 0 0.0354428 0.99931 -0.011088 0 -0.584406 0.029725 0.810917 0 0 0 0 0 
0.810235 -0.0222839 0.585682 0 0.0355061 0.999308 -0.0110979 0 -0.585029 0.0297871 0.810465 0 0 0 0 0 
0.809696 -0.022008 0.586436 0 0.03543 0.999307 -0.011416 0 -0.585779 0.030021 0.809915 0 0 0 0 0 
0.809144 -0.0219401 0.5872 0 0.0353729 0.999309 -0.0114048 0 -0.586544 0.0299992 0.809361 0 0 0 0 0 
0.808556 -0.0223289 0.587995 0 0.0359041 0.99929 -0.0114243 0 -0.587323 0.0303487 0.808784 0 0 0 0 0 
0.808149 -0.0223269 0.588555 0 0.0358271 0.999294 -0.011286 0 -0.587888 0.030207 0.808378 0 0 0 0 0 
0.807716 -0.0221424 0.589156 0 0.0357736 0.999294 -0.0114878 0 -0.588486 0.0303552 0.807937 0 0 0 0 0 
0.807132 -0.021998 0.589961 0 0.035774 0.999292 -0.0116819 0 -0.589286 0.0305341 0.807347 0 0 0 0 0 
0.806434 -0.0217942 0.590922 0 0.0356748 0.999293 -0.0118299 0 -0.590247 0.0306211 0.806642 0 0 0 0 0 
0.805627 -0.0218868 0.592018 0 0.0360352 0.999277 -0.0120941 0 -0.591326 0.0310769 0.805834 0 0 0 0 0 
0.804892 -0.0221172 0.593009 0 0.0361988 0.999274 -0.0118632 0 -0.592316 0.0310148 0.805108 0 0 0 0 0 
0.804216 -0.0217045 0.59394 0 0.0360705 0.999273 -0.0123241 0 -0.593241 0.0313349 0.804415 0 0 0 0 0 
0.803408 -0.0215031 0.595041 0 0.0362409 0.999261 -0.0128208 0 -0.594325 0.0318652 0.803593 0 0 0 0 0 
0.802432 -0.0219268 0.59634 0 0.0362022 0.999273 -0.0119712 0 -0.595644 0.0311948 0.802643 0 0 0 0 0 
0.801589 -0.0221139 0.597466 0 0.0363051 0.999272 -0.0117229 0 -0.596772 0.0310881 0.801808 0 0 0 0 0 
0.801162 -0.0229129 0.598009 0 0.0370711 0.999248 -0.0113783 0 -0.597298 0.0312847 0.801409 0 0 0 0 0 
0.801021 -0.0232581 0.598185 0 0.0374829 0.999233 -0.0113415 0 -0.597462 0.0315065 0.801278 0 0 0 0 0 
